Generation	Treatment	Bin	Target temp	Target pH	Salinity	t(oC) in	P (dbars) in	Total P (mmol/kgSW)	Total Si (mmol/kgSW)	TA in (mmol/kgSW)	TCO2 in (mmol/kgSW)	pH in	fCO2 in (matm)	pCO2 in (matm)	HCO3 in (mmol/kgSW)	CO3 in (mmol/kgSW)	CO2 in (mmol/kgSW)	B Alk in (mmol/kgSW)	OH in (mmol/kgSW)	P Alk in (mmol/kgSW)	Si Alk in (mmol/kgSW) 	Revelle in	WCa in	WAr in	xCO2 in (dry at 1 atm) (ppm)
F0	1	1	13	8.2	30	18	0	0.00	0.00	1959.5	1738.7	8.250	287.6	288.6	1574.7	153.911765	10.135182	73.2	3.836454	0.000000	0.0	10.511	3.80	2.43	294.5
F0	1	1	13	8.2	30	18	0	0.00	0.00	1960.0	1739.2	8.250	287.7	288.7	1575.1	153.951664	10.137809	73.2	3.836454	0.000000	0.0	10.512	3.80	2.43	294.6
F0	1	2	13	8.2	30	18	0	0.00	0.00	1970.7	1730.4	8.290	258.9	259.9	1554.6	166.611334	9.125661	78.7	4.206588	0.000000	0.0	10.071	4.12	2.63	265.2
F0	1	2	13	8.2	30	18	0	0.00	0.00	1972.7	1732.2	8.290	259.2	260.1	1556.2	166.783446	9.135088	78.7	4.206588	0.000000	0.0	10.073	4.12	2.63	265.4
F0	1	3	13	8.2	30	19	0	0.00	0.00	1978.1	1730.6	8.290	261.0	261.9	1549.9	171.745801	8.939102	80.1	4.598822	0.000000	0.0	9.921	4.25	2.72	267.6
F0	1	3	13	8.2	30	19	0	0.00	0.00	1994.1	1745.3	8.290	263.2	264.2	1563.0	173.205311	9.015067	80.1	4.598822	0.000000	0.0	9.942	4.29	2.75	269.9
F0	2	1	13	7.85	30	20	0	0.00	0.00	1967.8	1901.9	7.830	874.6	877.6	1805.7	65.212018	30.990025	30.3	1.427057	0.000000	0.0	16.798	1.62	1.03	895.6
F0	2	1	13	7.85	30	20	0	0.00	0.00	1968.9	1899.5	7.830	882.3	885.4	1801.8	67.292026	30.381673	31.0	1.559973	0.000000	0.0	16.569	1.68	1.07	904.7
F0	2	2	13	7.85	30	19.5	0	0.00	0.00	1979.5	1901.3	7.840	859.3	862.2	1800.3	71.971362	29.013081	33.6	1.705545	0.000000	0.0	16.036	1.78	1.14	881.6
F0	2	2	13	7.85	30	20	0	0.00	0.00	1982.4	1904.1	7.840	860.5	863.5	1803.0	72.079675	29.056744	33.6	1.705545	0.000000	0.0	16.041	1.78	1.14	882.9
F0	2	3	13	7.85	30	20	0	0.00	0.00	1967.5	1903.5	7.810	909.1	912.3	1807.3	64.137101	32.038277	30.6	1.392932	0.000000	0.0	16.738	1.58	1.01	930.9
F0	2	3	13	7.85	30	20	0	0.00	0.00	1968.2	1904.2	7.810	909.4	912.6	1807.9	64.159405	32.049419	30.6	1.392932	0.000000	0.0	16.739	1.59	1.01	931.3
F0	3	1	15	8.2	29	18	0	0.00	0.00	1990.9	1773.8	8.210	329.5	330.6	1609.5	153.358464	10.970766	70.5	4.178164	0.000000	0.0	10.683	3.80	2.44	338.3
F0	3	1	15	8.2	29	19	0	0.00	0.00	1983.4	1766.9	8.210	328.2	329.3	1603.2	152.759906	10.927947	70.5	4.178164	0.000000	0.0	10.672	3.79	2.43	337.0
F0	3	2	15	8.2	30	19.5	0	0.00	0.00	1984.4	1770.8	8.210	327.6	328.7	1609.0	150.785184	11.060965	69.9	3.998187	0.000000	0.0	10.763	3.73	2.40	336.1
F0	3	2	15	8.2	30	19.5	0	0.00	0.00	1974.2	1758.3	8.210	326.6	327.7	1595.4	152.018500	10.874910	70.5	4.178164	0.000000	0.0	10.659	3.77	2.42	335.3
F0	3	3	15	8.2	30	18	0	0.00	0.00	1955.1	1745.2	8.200	332.3	333.5	1586.4	147.717711	11.065276	69.2	4.083055	0.000000	0.0	10.752	3.66	2.35	341.2
F0	3	3	15	8.2	30	18	0	0.00	0.00	1954.2	1744.3	8.200	332.2	333.3	1585.6	147.641170	11.059542	69.2	4.083055	0.000000	0.0	10.751	3.66	2.35	341.0
F0	4	1	15	7.85	30	19	0	0.00	0.00	1987.0	1907.4	7.850	837.8	840.7	1806.1	72.664888	28.690127	33.9	1.669731	0.000000	0.0	16.032	1.80	1.15	859.0
F0	4	1	15	7.85	30	19	0	0.00	0.00	1980.5	1901.1	7.850	835.0	837.8	1800.1	72.422701	28.594505	33.9	1.669731	0.000000	0.0	16.020	1.79	1.15	856.1
F0	4	2	15	7.85	30	20	0	0.00	0.00	1968.8	1883.0	7.860	815.8	818.6	1780.0	75.761678	27.163055	35.4	1.866318	0.000000	0.0	15.624	1.88	1.21	837.6
F0	4	2	15	7.85	30	20.5	0	0.00	0.00	1962.0	1874.5	7.860	816.1	818.9	1771.0	76.634875	26.798970	35.7	1.949910	0.000000	0.0	15.493	1.90	1.22	838.5
F0	4	3	15	7.85	30	21	0	0.00	0.00	1975.6	1889.0	7.850	846.2	849.1	1784.8	76.728864	27.408229	35.4	1.990445	0.000000	0.0	15.541	1.91	1.23	870.1
F0	4	3	15	7.85	30	21	0	0.00	0.00	1977.6	1890.9	7.850	847.1	849.9	1786.6	76.806055	27.435802	35.4	1.990445	0.000000	0.0	15.544	1.91	1.23	871.0
F2	1	1	13	8.2	31	21	0	0.00	0.00	2081.9	1808.8	8.280	281.2	282.2	1608.4	191.341006	9.059075	85.3	5.474333	0.000000	0.0	9.656	4.72	3.05	289.1
F2	1	1	13	8.2	31	21	0	0.00	0.00	2077.5	1804.9	8.280	280.6	281.5	1604.9	190.919339	9.039111	85.3	5.474333	0.000000	0.0	9.650	4.71	3.04	288.5
F2	1	2	13	8.2	30	21	0	0.00	0.00	2077.0	1807.2	8.290	276.8	277.7	1607.9	190.375669	8.964654	82.9	5.482141	0.000000	0.0	9.739	4.73	3.04	284.6
F2	1	2	13	8.2	30	22	0	0.00	0.00	2074.1	1797.5	8.290	277.4	278.3	1593.8	195.004002	8.742324	84.4	5.977850	0.000000	0.0	9.586	4.85	3.13	285.6
F2	1	3	13	8.2	30	22	0	0.00	0.00	2079.1	1817.8	8.260	302.6	303.6	1622.9	185.317222	9.538908	80.0	5.578858	0.000000	0.0	9.901	4.61	2.98	311.6
F2	1	3	13	8.2	30	22	0	0.00	0.00	2078.7	1817.4	8.260	302.6	303.6	1622.6	185.281899	9.537089	80.0	5.578858	0.000000	0.0	9.900	4.61	2.98	311.6
F2	2	1	13	7.85	30	16	0	0.00	0.00	2075.4	2010.8	7.830	897.7	900.9	1910.9	66.378150	33.552167	30.6	1.217157	0.000000	0.0	17.146	1.64	1.04	917.1
F2	2	1	13	7.85	30	17.5	0	0.00	0.00	2070.6	2000.7	7.830	907.1	910.3	1898.9	69.387155	32.435337	31.5	1.394532	0.000000	0.0	16.796	1.71	1.09	928.3
F2	2	2	13	7.85	31	18	0	0.00	0.00	2065.3	1986.8	7.840	876.9	879.9	1882.4	73.617313	30.732571	34.2	1.524749	0.000000	0.0	16.241	1.81	1.16	897.9
F2	2	2	13	7.85	31	19	0	0.00	0.00	2065.3	1983.0	7.840	884.1	887.2	1877.0	75.892007	30.113404	34.9	1.667068	0.000000	0.0	16.009	1.87	1.20	906.5
F2	2	3	13	7.85	31	19.5	0	0.00	0.00	2066.3	1978.9	7.850	866.1	869.0	1871.1	78.710685	29.085303	36.0	1.783152	0.000000	0.0	15.758	1.94	1.25	888.6
F2	2	3	13	7.85	31	20	0	0.00	0.00	2066.3	1977.0	7.850	869.6	872.5	1868.3	79.901553	28.796457	36.4	1.863500	0.000000	0.0	15.641	1.97	1.27	892.8
F2	3	1	15	8.2	31	17	0	0.00	0.00	2088.7	1857.2	8.250	301.6	302.6	1682.7	163.578786	10.881245	75.3	3.581466	0.000000	0.0	10.645	4.01	2.56	308.4
F2	3	1	15	8.2	31	18	0	0.00	0.00	2086.8	1848.9	8.250	302.7	303.8	1670.4	167.911641	10.609625	76.7	3.919207	0.000000	0.0	10.469	4.12	2.64	310.0
F2	3	2	15	8.2	31	19	0	0.00	0.00	2079.3	1820.4	8.280	278.7	279.6	1629.4	181.452347	9.491334	82.4	4.591482	0.000000	0.0	9.958	4.46	2.87	285.7
F2	3	2	15	8.2	31	19.5	0	0.00	0.00	2079.5	1817.1	8.280	279.3	280.2	1623.8	183.854506	9.378093	83.1	4.799413	0.000000	0.0	9.880	4.52	2.91	286.5
F2	3	3	15	8.2	31	20.5	0	0.00	0.00	2075.1	1831.6	8.230	321.7	322.8	1649.1	171.995140	10.507822	77.3	4.670643	0.000000	0.0	10.262	4.24	2.73	330.5
F2	3	3	15	8.2	31	21	0	0.00	0.00	2077.6	1830.7	8.230	322.8	323.9	1645.8	174.489752	10.400306	78.0	4.879003	0.000000	0.0	10.183	4.30	2.78	331.9
F2	4	1	15	7.85	31	21.5	0	0.00	0.00	2081.9	1996.0	7.820	956.4	959.6	1886.5	79.101036	30.395142	35.2	1.982410	0.000000	0.0	15.727	1.95	1.26	984.1
F2	4	1	15	7.85	31	21.5	0	0.00	0.00	2079.7	1993.8	7.820	955.4	958.6	1884.5	79.014658	30.361951	35.2	1.982410	0.000000	0.0	15.723	1.95	1.26	983.0
F2	4	2	15	7.85	31	22	0	0.00	0.00	2078.0	1987.1	7.830	934.5	937.6	1876.0	81.815662	29.300370	36.3	2.118180	0.000000	0.0	15.470	2.02	1.31	962.3
F2	4	2	15	7.85	31	22	0	0.00	0.00	2075.7	1984.9	7.830	933.5	936.6	1873.9	81.724525	29.267731	36.3	2.118180	0.000000	0.0	15.466	2.02	1.31	961.2
F2	4	3	15	7.85	31	22	0	0.00	0.00	2085.8	1994.7	7.830	938.1	941.2	1883.1	82.128589	29.412437	36.3	2.118180	0.000000	0.0	15.483	2.03	1.31	966.0
F2	4	3	15	7.85	31	22	0	0.00	0.00	2082.1	1991.1	7.830	936.4	939.5	1879.7	81.979929	29.359198	36.3	2.118180	0.000000	0.0	15.477	2.02	1.31	964.2
F4	1	1	13	8.2	32	16.5	0	0.00	0.00	2192.1	2017.7	8.100	467.4	469.0	1870.6	130.150827	17.020577	58.8	2.473735	0.000000	0.0	12.654	3.17	2.03	477.7
F4	1	1	13	8.2	32	17.5	0	0.00	0.00	2168.7	1990.1	8.100	465.3	466.9	1841.1	132.466562	16.453553	59.9	2.708444	0.000000	0.0	12.403	3.23	2.07	476.1
F4	1	2	13	8.2	32	19	0	0.00	0.00	2321.6	2125.6	8.100	503.8	505.5	1960.3	148.249876	17.065158	61.7	3.097768	0.000000	0.0	12.297	3.62	2.33	516.5
F4	1	2	13	8.2	32	20	0	0.00	0.00	2137.5	1946.6	8.100	465.5	467.1	1791.2	140.010012	15.331874	62.9	3.384233	0.000000	0.0	11.839	3.42	2.21	477.9
F4	1	3	13	8.2	33	20	0	0.00	0.00	2137.5	1940.3	8.100	460.0	461.6	1782.1	143.101365	15.070634	65.7	3.454521	0.000000	0.0	11.600	3.47	2.25	472.3
F4	1	3	13	8.2	33	21	0	0.00	0.00	2136.7	1933.7	8.100	462.5	464.1	1771.9	147.008220	14.741005	66.9	3.770994	0.000000	0.0	11.406	3.57	2.32	475.5
F4	2	1	13	7.85	33	21	0	0.00	0.00	2143.1	2087.9	7.700	1298.9	1303.3	1981.1	65.432628	41.398153	29.7	1.501258	0.000000	0.0	16.754	1.59	1.03	1335.5
F4	2	1	13	7.85	33	22	0	0.00	0.00	2136.5	2077.9	7.700	1306.2	1310.5	1970.1	67.219874	40.518535	30.3	1.637387	0.000000	0.0	16.548	1.64	1.06	1344.9
F4	2	2	13	7.85	33	22.5	0	0.00	0.00	2169.8	2109.0	7.700	1332.5	1336.9	1998.9	69.311434	40.789349	30.6	1.709469	0.000000	0.0	16.501	1.69	1.10	1373.2
F4	2	2	13	7.85	33	22	0	0.00	0.00	2186.3	2127.0	7.700	1337.0	1341.5	2016.7	68.808302	41.476002	30.3	1.637387	0.000000	0.0	16.626	1.67	1.09	1376.7
F4	2	3	13	7.85	33	22	0	0.00	0.00	2167.9	2108.9	7.700	1325.7	1330.1	1999.5	68.222754	41.123047	30.3	1.637387	0.000000	0.0	16.597	1.66	1.08	1365.0
F4	2	3	13	7.85	33	22	0	0.00	0.00	2165.1	2106.1	7.700	1323.9	1328.3	1996.9	68.132110	41.068409	30.3	1.637387	0.000000	0.0	16.593	1.66	1.08	1363.2
F4	3	1	15	8.2	32	23	0	0.00	0.00	2140.9	1932.3	8.100	474.2	475.8	1765.7	152.193765	14.401986	66.4	4.389948	0.000000	0.0	11.262	3.74	2.43	489.1
F4	3	1	15	8.2	32	23	0	0.00	0.00	2143.5	1934.7	8.100	474.8	476.4	1767.9	152.382283	14.419825	66.4	4.389948	0.000000	0.0	11.265	3.74	2.44	489.7
F4	3	2	15	8.2	32	24	0	0.00	0.00	2139.9	1925.4	8.100	476.5	478.1	1755.1	156.228372	14.098836	67.6	4.779622	0.000000	0.0	11.075	3.84	2.51	492.3
F4	3	2	15	8.2	32	24	0	0.00	0.00	2130.7	1916.8	8.100	474.4	475.9	1747.2	155.528362	14.035664	67.6	4.779622	0.000000	0.0	11.063	3.83	2.50	490.1
F4	3	3	15	8.2	32	24	0	0.00	0.00	2157.1	1941.4	8.100	480.5	482.0	1769.6	157.526719	14.216006	67.6	4.779622	0.000000	0.0	11.098	3.88	2.53	496.4
F4	3	3	15	8.2	32	24	0	0.00	0.00	2144.7	1929.8	8.100	477.6	479.2	1759.1	156.589426	14.131420	67.6	4.779622	0.000000	0.0	11.081	3.85	2.52	493.4
F4	4	1	15	7.85	32	22	0	0.00	0.00	2194.4	2116.3	7.770	1137.5	1141.2	2002.7	78.165350	35.473863	33.6	1.884348	0.000000	0.0	16.151	1.92	1.24	1171.3
F4	4	1	15	7.85	32	22	0	0.00	0.00	2158.5	2081.0	7.770	1118.5	1122.2	1969.3	76.862609	34.882639	33.6	1.884348	0.000000	0.0	16.094	1.88	1.22	1151.7
F4	4	2	15	7.85	31	22	0	0.00	0.00	2218.4	2140.6	7.780	1132.6	1136.4	2026.3	78.762650	35.510468	32.7	1.887831	0.000000	0.0	16.345	1.95	1.26	1166.3
F4	4	2	15	7.85	31	22	0	0.00	0.00	2152.3	2075.8	7.780	1098.3	1101.9	1964.9	76.377136	34.434949	32.7	1.887831	0.000000	0.0	16.241	1.89	1.22	1130.9
F4	4	3	15	7.85	32	23	0	0.00	0.00	2177.5	2085.8	7.800	1055.0	1058.5	1968.7	85.047788	32.039736	36.5	2.200185	0.000000	0.0	15.523	2.09	1.36	1088.1
F4	4	3	15	7.85	32	23	0	0.00	0.00	2171.4	2079.9	7.800	1052.0	1055.5	1963.2	84.807406	31.949178	36.5	2.200185	0.000000	0.0	15.513	2.08	1.36	1085.0
