Generation	Treatment	Replicate	Stage	Number	Length
0	1	1	C1	1	0.325
0	1	1	C1	10	0.272
0	1	1	C1	11	0.329
0	1	1	C1	2	0.352
0	1	1	C1	3	0.381
0	1	1	C1	4	0.295
0	1	1	C1	5	0.264
0	1	1	C1	6	0.293
0	1	1	C1	7	0.277
0	1	1	C1	8	0.33
0	1	1	C1	9	0.329
0	1	1	C6F	1	0.805
0	1	1	C6F	10	0.725
0	1	1	C6F	2	0.725
0	1	1	C6F	3	0.858
0	1	1	C6F	4	0.816
0	1	1	C6F	5	0.783
0	1	1	C6F	6	0.858
0	1	1	C6F	7	0.791
0	1	1	C6F	8	0.738
0	1	1	C6F	9	0.852
0	1	1	C6M	1	0.759
0	1	1	C6M	10	0.709
0	1	1	C6M	10	0.709
0	1	1	C6M	2	0.733
0	1	1	C6M	3	0.667
0	1	1	C6M	4	0.723
0	1	1	C6M	5	0.738
0	1	1	C6M	6	0.761
0	1	1	C6M	7	0.751
0	1	1	C6M	8	0.737
0	1	1	C6M	9	0.757
0	1	2	C1	1	0.351
0	1	2	C1	10	0.364
0	1	2	C1	2	0.335
0	1	2	C1	3	0.327
0	1	2	C1	4	0.325
0	1	2	C1	5	0.329
0	1	2	C1	6	0.426
0	1	2	C1	7	0.3
0	1	2	C1	8	0.392
0	1	2	C1	9	0.286
0	1	2	C6F	1	0.805
0	1	2	C6F	2	0.732
0	1	2	C6F	3	0.782
0	1	2	C6F	4	0.824
0	1	2	C6F	5	0.807
0	1	2	C6F	6	0.835
0	1	2	C6F	7	0.799
0	1	2	C6F	8	0.796
0	1	2	C6F	9	0.84
0	1	2	C6M	1	0.733
0	1	2	C6M	10	0.766
0	1	2	C6M	2	0.736
0	1	2	C6M	3	0.731
0	1	2	C6M	4	0.708
0	1	2	C6M	5	0.72
0	1	2	C6M	6	0.722
0	1	2	C6M	7	0.755
0	1	2	C6M	8	0.729
0	1	2	C6M	9	0.714
0	1	3	C1	1	0.335
0	1	3	C1	2	0.327
0	1	3	C1	3	0.286
0	1	3	C1	4	0.298
0	1	3	C1	5	0.324
0	1	3	C1	6	0.294
0	1	3	C6F	1	0.806
0	1	3	C6F	10	0.836
0	1	3	C6F	2	0.822
0	1	3	C6F	3	0.861
0	1	3	C6F	4	0.808
0	1	3	C6F	5	0.805
0	1	3	C6F	6	0.814
0	1	3	C6F	7	0.804
0	1	3	C6F	8	0.789
0	1	3	C6F	9	0.826
0	1	3	C6M	1	0.769
0	1	3	C6M	10	0.781
0	1	3	C6M	2	0.745
0	1	3	C6M	3	0.732
0	1	3	C6M	4	0.775
0	1	3	C6M	5	0.744
0	1	3	C6M	6	0.747
0	1	3	C6M	7	0.768
0	1	3	C6M	8	0.73
0	1	3	C6M	9	0.769
2	1	1	C1	1	0.289
2	1	1	C1	10	0.326
2	1	1	C1	11	0.303
2	1	1	C1	12	0.305
2	1	1	C1	2	0.302
2	1	1	C1	3	0.309
2	1	1	C1	4	0.293
2	1	1	C1	5	0.3
2	1	1	C1	6	0.309
2	1	1	C1	7	0.313
2	1	1	C1	8	0.282
2	1	1	C1	9	0.279
2	1	1	C6F	1	0.823
2	1	1	C6F	10	0.811
2	1	1	C6F	11	0.772
2	1	1	C6F	12	0.749
2	1	1	C6F	2	0.815
2	1	1	C6F	3	0.788
2	1	1	C6F	4	0.81
2	1	1	C6F	5	0.791
2	1	1	C6F	6	0.809
2	1	1	C6F	7	0.806
2	1	1	C6F	8	0.726
2	1	1	C6F	9	0.758
2	1	1	C6M	1	0.663
2	1	1	C6M	10	0.661
2	1	1	C6M	11	0.683
2	1	1	C6M	12	0.671
2	1	1	C6M	2	0.692
2	1	1	C6M	3	0.705
2	1	1	C6M	4	0.705
2	1	1	C6M	5	0.682
2	1	1	C6M	6	0.745
2	1	1	C6M	7	0.712
2	1	1	C6M	8	0.705
2	1	1	C6M	9	0.688
2	1	2	C1	1	0.316
2	1	2	C1	10	0.312
2	1	2	C1	11	0.323
2	1	2	C1	12	0.303
2	1	2	C1	3	0.289
2	1	2	C1	4	0.302
2	1	2	C1	5	0.296
2	1	2	C1	6	0.311
2	1	2	C1	7	0.258
2	1	2	C1	8	0.301
2	1	2	C1	9	0.365
2	1	2	C6F	1	0.803
2	1	2	C6F	10	0.793
2	1	2	C6F	11	0.803
2	1	2	C6F	12	0.776
2	1	2	C6F	2	0.77
2	1	2	C6F	3	0.789
2	1	2	C6F	4	0.808
2	1	2	C6F	5	0.803
2	1	2	C6F	6	0.805
2	1	2	C6F	7	0.846
2	1	2	C6F	8	0.792
2	1	2	C6F	9	0.779
2	1	2	C6M	1	0.719
2	1	2	C6M	10	0.715
2	1	2	C6M	11	0.66
2	1	2	C6M	12	0.7
2	1	2	C6M	2	0.723
2	1	2	C6M	3	0.671
2	1	2	C6M	4	0.681
2	1	2	C6M	5	0.721
2	1	2	C6M	6	0.642
2	1	2	C6M	7	0.67
2	1	2	C6M	8	0.714
2	1	2	C6M	9	0.688
2	1	3	C1	1	0.331
2	1	3	C1	10	0.31
2	1	3	C1	11	0.332
2	1	3	C1	12	0.318
2	1	3	C1	2	0.321
2	1	3	C1	3	0.32
2	1	3	C1	4	0.298
2	1	3	C1	5	0.312
2	1	3	C1	6	0.355
2	1	3	C1	7	0.331
2	1	3	C1	8	0.324
2	1	3	C1	9	0.308
2	1	3	C6F	1	0.845
2	1	3	C6F	10	0.818
2	1	3	C6F	11	0.846
2	1	3	C6F	12	0.852
2	1	3	C6F	2	0.779
2	1	3	C6F	3	0.847
2	1	3	C6F	4	0.844
2	1	3	C6F	5	0.81
2	1	3	C6F	6	0.826
2	1	3	C6F	7	0.794
2	1	3	C6F	8	0.831
2	1	3	C6F	9	0.82
2	1	3	C6M	1	0.75
2	1	3	C6M	10	0.703
2	1	3	C6M	11	0.744
2	1	3	C6M	12	0.725
2	1	3	C6M	2	0.736
2	1	3	C6M	3	0.759
2	1	3	C6M	4	0.742
2	1	3	C6M	5	0.76
2	1	3	C6M	6	0.711
2	1	3	C6M	7	0.734
2	1	3	C6M	8	0.717
2	1	3	C6M	9	0.733
4	1	1	C1	1	0.316
4	1	1	C1	10	0.327
4	1	1	C1	11	0.308
4	1	1	C1	12	0.303
4	1	1	C1	2	0.319
4	1	1	C1	3	0.306
4	1	1	C1	4	0.315
4	1	1	C1	5	0.321
4	1	1	C1	6	0.331
4	1	1	C1	7	0.301
4	1	1	C1	8	0.293
4	1	1	C1	9	0.322
4	1	1	C6F	1	0.763
4	1	1	C6F	10	0.782
4	1	1	C6F	11	0.726
4	1	1	C6F	12	0.775
4	1	1	C6F	2	0.805
4	1	1	C6F	3	0.748
4	1	1	C6F	4	0.655
4	1	1	C6F	5	0.726
4	1	1	C6F	6	0.728
4	1	1	C6F	7	0.688
4	1	1	C6F	8	0.734
4	1	1	C6F	9	0.729
4	1	1	C6M	1	0.686
4	1	1	C6M	10	0.689
4	1	1	C6M	11	0.685
4	1	1	C6M	12	0.695
4	1	1	C6M	2	0.674
4	1	1	C6M	3	0.699
4	1	1	C6M	4	0.729
4	1	1	C6M	5	0.682
4	1	1	C6M	6	0.692
4	1	1	C6M	7	0.698
4	1	1	C6M	8	0.699
4	1	1	C6M	9	0.7
4	1	2	C1	1	0.292
4	1	2	C1	10	0.334
4	1	2	C1	11	0.314
4	1	2	C1	12	0.321
4	1	2	C1	2	0.307
4	1	2	C1	3	0.325
4	1	2	C1	4	0.321
4	1	2	C1	5	0.327
4	1	2	C1	6	0.322
4	1	2	C1	7	0.324
4	1	2	C1	8	0.312
4	1	2	C1	9	0.31
4	1	2	C6F	1	0.739
4	1	2	C6F	10	0.718
4	1	2	C6F	11	0.645
4	1	2	C6F	12	0.723
4	1	2	C6F	2	0.751
4	1	2	C6F	3	0.764
4	1	2	C6F	4	0.744
4	1	2	C6F	5	0.747
4	1	2	C6F	6	0.759
4	1	2	C6F	7	0.725
4	1	2	C6F	8	0.743
4	1	2	C6F	9	0.759
4	1	2	C6M	1	0.693
4	1	2	C6M	10	0.666
4	1	2	C6M	11	0.691
4	1	2	C6M	12	0.682
4	1	2	C6M	2	0.697
4	1	2	C6M	3	0.683
4	1	2	C6M	4	0.682
4	1	2	C6M	5	0.694
4	1	2	C6M	6	0.684
4	1	2	C6M	7	0.679
4	1	2	C6M	8	0.715
4	1	2	C6M	9	0.681
4	1	3	C1	1	0.302
4	1	3	C1	10	0.296
4	1	3	C1	11	0.307
4	1	3	C1	12	0.298
4	1	3	C1	2	0.292
4	1	3	C1	3	0.282
4	1	3	C1	4	0.304
4	1	3	C1	5	0.267
4	1	3	C1	6	0.293
4	1	3	C1	7	0.308
4	1	3	C1	8	0.309
4	1	3	C1	9	0.316
4	1	3	C6F	1	0.812
4	1	3	C6F	10	0.805
4	1	3	C6F	11	0.826
4	1	3	C6F	12	0.76
4	1	3	C6F	2	0.726
4	1	3	C6F	3	0.778
4	1	3	C6F	4	0.758
4	1	3	C6F	5	0.833
4	1	3	C6F	6	0.781
4	1	3	C6F	7	0.788
4	1	3	C6F	8	0.758
4	1	3	C6F	9	0.771
4	1	3	C6M	1	0.731
4	1	3	C6M	10	0.718
4	1	3	C6M	11	0.687
4	1	3	C6M	12	0.712
4	1	3	C6M	2	0.723
4	1	3	C6M	3	0.73
4	1	3	C6M	4	0.675
4	1	3	C6M	5	0.751
4	1	3	C6M	6	0.687
4	1	3	C6M	7	0.726
4	1	3	C6M	8	0.711
4	1	3	C6M	9	0.736
11	1	1	C1	1	0.335
11	1	1	C1	2	0.335
11	1	1	C1	3	0.277
11	1	1	C6F	1	0.852
11	1	1	C6F	10	0.774
11	1	1	C6F	11	0.789
11	1	1	C6F	12	0.821
11	1	1	C6F	2	0.859
11	1	1	C6F	3	0.852
11	1	1	C6F	4	0.825
11	1	1	C6F	5	0.813
11	1	1	C6F	6	0.794
11	1	1	C6F	7	0.872
11	1	1	C6F	8	0.847
11	1	1	C6F	9	0.747
11	1	1	C6M	1	0.717
11	1	1	C6M	10	0.735
11	1	1	C6M	11	0.741
11	1	1	C6M	12	0.75
11	1	1	C6M	2	0.729
11	1	1	C6M	3	0.747
11	1	1	C6M	4	0.713
11	1	1	C6M	5	0.735
11	1	1	C6M	6	0.785
11	1	1	C6M	7	0.746
11	1	1	C6M	8	0.731
11	1	1	C6M	9	0.75
11	1	2	C1	1	0.341
11	1	2	C1	2	0.333
11	1	2	C1	3	0.382
11	1	2	C1	4	0.373
11	1	2	C1	5	0.415
11	1	2	C1	6	0.403
11	1	2	C6F	1	0.81
11	1	2	C6F	10	0.776
11	1	2	C6F	11	0.803
11	1	2	C6F	12	0.76
11	1	2	C6F	2	0.81
11	1	2	C6F	3	0.837
11	1	2	C6F	4	0.827
11	1	2	C6F	5	0.842
11	1	2	C6F	6	0.834
11	1	2	C6F	7	0.795
11	1	2	C6F	8	0.811
11	1	2	C6F	9	0.853
11	1	2	C6M	1	0.763
11	1	2	C6M	10	0.709
11	1	2	C6M	11	0.689
11	1	2	C6M	12	0.738
11	1	2	C6M	2	0.733
11	1	2	C6M	3	0.703
11	1	2	C6M	4	0.692
11	1	2	C6M	5	0.737
11	1	2	C6M	6	0.731
11	1	2	C6M	7	0.731
11	1	2	C6M	8	0.747
11	1	2	C6M	9	0.7
11	1	3	C1	1	0.309
11	1	3	C1	2	0.38
11	1	3	C1	3	0.398
11	1	3	C1	4	0.355
11	1	3	C1	5	0.383
11	1	3	C1	6	0.399
11	1	3	C1	7	0.36
11	1	3	C6F	1	0.796
11	1	3	C6F	2	0.856
11	1	3	C6F	3	0.843
11	1	3	C6F	4	0.835
11	1	3	C6F	5	0.844
11	1	3	C6F	6	0.855
11	1	3	C6M	1	0.747
11	1	3	C6M	10	0.765
11	1	3	C6M	11	0.759
11	1	3	C6M	12	0.698
11	1	3	C6M	2	0.739
11	1	3	C6M	3	0.736
11	1	3	C6M	4	0.723
11	1	3	C6M	5	0.763
11	1	3	C6M	6	0.755
11	1	3	C6M	7	0.737
11	1	3	C6M	8	0.75
11	1	3	C6M	9	0.777
0	2	1	C1	1	0.331
0	2	1	C1	2	0.286
0	2	1	C1	3	0.313
0	2	1	C1	4	0.34
0	2	1	C1	5	0.331
0	2	1	C1	6	0.334
0	2	1	C1	7	0.36
0	2	1	C1	8	0.318
0	2	1	C6F	1	0.776
0	2	1	C6F	2	0.83
0	2	1	C6F	3	0.807
0	2	1	C6F	4	0.821
0	2	1	C6F	5	0.784
0	2	1	C6M	1	0.731
0	2	1	C6M	2	0.753
0	2	1	C6M	3	0.752
0	2	1	C6M	4	0.745
0	2	1	C6M	5	0.757
0	2	1	C6M	6	0.718
0	2	1	C6M	7	0.731
0	2	2	C1	10	0.329
0	2	2	C1	2	0.327
0	2	2	C1	3	0.33
0	2	2	C1	4	0.343
0	2	2	C1	5	0.36
0	2	2	C1	6	0.321
0	2	2	C1	7	0.327
0	2	2	C1	8	0.312
0	2	2	C1	9	0.329
0	2	2	C6F	1	0.814
0	2	2	C6F	2	0.832
0	2	2	C6F	3	0.783
0	2	2	C6F	4	0.827
0	2	2	C6F	5	0.848
0	2	2	C6F	6	0.791
0	2	2	C6F	7	0.794
0	2	2	C6F	8	0.809
0	2	2	C6F	9	0.842
0	2	2	C6M	1	0.721
0	2	2	C6M	10	0.753
0	2	2	C6M	11	0.761
0	2	2	C6M	12	0.739
0	2	2	C6M	2	0.746
0	2	2	C6M	3	0.721
0	2	2	C6M	4	0.755
0	2	2	C6M	5	0.739
0	2	2	C6M	6	0.709
0	2	2	C6M	7	0.738
0	2	2	C6M	8	0.743
0	2	2	C6M	9	0.74
0	2	3	C1	1	0.318
0	2	3	C1	10	0.382
0	2	3	C1	2	0.288
0	2	3	C1	3	0.325
0	2	3	C1	4	0.34
0	2	3	C1	5	0.308
0	2	3	C1	6	0.311
0	2	3	C1	7	0.332
0	2	3	C1	8	0.4
0	2	3	C1	9	0.352
0	2	3	C6F	1	0.771
0	2	3	C6F	10	0.795
0	2	3	C6F	11	0.802
0	2	3	C6F	2	0.751
0	2	3	C6F	3	0.78
0	2	3	C6F	4	0.736
0	2	3	C6F	5	0.805
0	2	3	C6F	6	0.807
0	2	3	C6F	7	0.847
0	2	3	C6F	8	0.812
0	2	3	C6F	9	0.796
0	2	3	C6M	1	0.755
0	2	3	C6M	2	0.75
0	2	3	C6M	3	0.75
0	2	3	C6M	4	0.729
2	2	1	C1	1	0.329
2	2	1	C1	10	0.38
2	2	1	C1	11	0.311
2	2	1	C1	12	0.37
2	2	1	C1	2	0.315
2	2	1	C1	3	0.32
2	2	1	C1	4	0.323
2	2	1	C1	5	0.317
2	2	1	C1	6	0.305
2	2	1	C1	7	0.309
2	2	1	C1	8	0.32
2	2	1	C1	9	0.309
2	2	1	C6F	1	0.791
2	2	1	C6F	2	0.744
2	2	1	C6F	3	0.815
2	2	1	C6F	4	0.758
2	2	1	C6F	5	0.79
2	2	1	C6F	6	0.791
2	2	1	C6M	1	0.746
2	2	1	C6M	10	0.728
2	2	1	C6M	11	0.764
2	2	1	C6M	12	0.697
2	2	1	C6M	2	0.729
2	2	1	C6M	3	0.716
2	2	1	C6M	4	0.661
2	2	1	C6M	5	0.714
2	2	1	C6M	6	0.728
2	2	1	C6M	7	0.722
2	2	1	C6M	8	0.732
2	2	1	C6M	9	0.718
2	2	2	C1	1	0.31
2	2	2	C1	10	0.272
2	2	2	C1	11	0.265
2	2	2	C1	12	0.294
2	2	2	C1	2	0.285
2	2	2	C1	3	0.293
2	2	2	C1	4	0.308
2	2	2	C1	5	0.31
2	2	2	C1	6	0.307
2	2	2	C1	7	0.294
2	2	2	C1	8	0.305
2	2	2	C1	9	0.31
2	2	2	C6F	1	0.774
2	2	2	C6F	10	0.742
2	2	2	C6F	11	0.772
2	2	2	C6F	12	0.759
2	2	2	C6F	2	0.776
2	2	2	C6F	3	0.715
2	2	2	C6F	4	0.765
2	2	2	C6F	5	0.681
2	2	2	C6F	6	0.768
2	2	2	C6F	7	0.763
2	2	2	C6F	8	0.716
2	2	2	C6F	9	0.77
2	2	2	C6M	1	0.685
2	2	2	C6M	10	0.713
2	2	2	C6M	11	0.658
2	2	2	C6M	12	0.689
2	2	2	C6M	2	0.713
2	2	2	C6M	3	0.715
2	2	2	C6M	4	0.658
2	2	2	C6M	5	0.668
2	2	2	C6M	6	0.686
2	2	2	C6M	7	0.69
2	2	2	C6M	8	0.674
2	2	2	C6M	9	0.681
2	2	3	C1	1	0.304
2	2	3	C1	10	0.295
2	2	3	C1	11	0.274
2	2	3	C1	12	0.28
2	2	3	C1	2	0.29
2	2	3	C1	3	0.267
2	2	3	C1	4	0.305
2	2	3	C1	5	0.293
2	2	3	C1	6	0.278
2	2	3	C1	7	0.295
2	2	3	C1	8	0.302
2	2	3	C1	9	0.29
2	2	3	C6F	1	0.723
2	2	3	C6F	2	0.737
2	2	3	C6F	3	0.777
2	2	3	C6F	4	0.778
2	2	3	C6F	5	0.733
2	2	3	C6F	6	0.735
2	2	3	C6F	7	0.732
2	2	3	C6F	8	0.725
2	2	3	C6M	1	0.697
2	2	3	C6M	10	0.722
2	2	3	C6M	11	0.702
2	2	3	C6M	12	0.669
2	2	3	C6M	2	0.698
2	2	3	C6M	3	0.733
2	2	3	C6M	4	0.679
2	2	3	C6M	5	0.672
2	2	3	C6M	6	0.678
2	2	3	C6M	7	0.685
2	2	3	C6M	8	0.683
2	2	3	C6M	9	0.677
4	2	1	C1	1	0.317
4	2	1	C1	10	0.315
4	2	1	C1	11	0.326
4	2	1	C1	12	0.292
4	2	1	C1	2	0.288
4	2	1	C1	3	0.285
4	2	1	C1	4	0.311
4	2	1	C1	5	0.294
4	2	1	C1	6	0.306
4	2	1	C1	7	0.306
4	2	1	C1	8	0.318
4	2	1	C1	9	0.294
4	2	1	C6F	1	0.771
4	2	1	C6F	10	0.766
4	2	1	C6F	11	0.813
4	2	1	C6F	12	0.804
4	2	1	C6F	2	0.765
4	2	1	C6F	3	0.745
4	2	1	C6F	4	0.742
4	2	1	C6F	5	0.795
4	2	1	C6F	6	0.808
4	2	1	C6F	7	0.821
4	2	1	C6F	8	0.82
4	2	1	C6F	9	0.788
4	2	1	C6M	1	0.731
4	2	1	C6M	10	0.671
4	2	1	C6M	11	0.744
4	2	1	C6M	2	0.706
4	2	1	C6M	3	0.731
4	2	1	C6M	4	0.716
4	2	1	C6M	5	0.718
4	2	1	C6M	6	0.702
4	2	1	C6M	7	0.725
4	2	1	C6M	8	0.701
4	2	1	C6M	9	0.67
4	2	2	C1	1	0.295
4	2	2	C1	10	0.289
4	2	2	C1	11	0.301
4	2	2	C1	12	0.313
4	2	2	C1	2	0.296
4	2	2	C1	3	0.276
4	2	2	C1	4	0.28
4	2	2	C1	5	0.29
4	2	2	C1	6	0.294
4	2	2	C1	7	0.298
4	2	2	C1	8	0.281
4	2	2	C1	9	0.28
4	2	2	C6F	1	0.753
4	2	2	C6F	10	0.757
4	2	2	C6F	11	0.738
4	2	2	C6F	12	0.785
4	2	2	C6F	2	0.782
4	2	2	C6F	3	0.795
4	2	2	C6F	4	0.809
4	2	2	C6F	5	0.753
4	2	2	C6F	6	0.763
4	2	2	C6F	7	0.754
4	2	2	C6F	8	0.808
4	2	2	C6F	9	0.781
4	2	2	C6M	1	0.676
4	2	2	C6M	10	0.692
4	2	2	C6M	11	0.708
4	2	2	C6M	12	0.658
4	2	2	C6M	2	0.701
4	2	2	C6M	3	0.675
4	2	2	C6M	4	0.68
4	2	2	C6M	5	0.716
4	2	2	C6M	6	0.732
4	2	2	C6M	7	0.723
4	2	2	C6M	8	0.68
4	2	2	C6M	9	0.712
4	2	3	C1	1	0.293
4	2	3	C1	10	0.275
4	2	3	C1	11	0.303
4	2	3	C1	12	0.302
4	2	3	C1	2	0.312
4	2	3	C1	3	0.268
4	2	3	C1	4	0.298
4	2	3	C1	5	0.299
4	2	3	C1	6	0.312
4	2	3	C1	7	0.305
4	2	3	C1	8	0.315
4	2	3	C1	9	0.324
4	2	3	C6F	1	0.846
4	2	3	C6F	2	0.823
4	2	3	C6F	3	0.801
4	2	3	C6F	4	0.836
4	2	3	C6M	1	0.717
4	2	3	C6M	10	0.715
4	2	3	C6M	11	0.756
4	2	3	C6M	12	0.749
4	2	3	C6M	2	0.695
4	2	3	C6M	3	0.713
4	2	3	C6M	4	0.737
4	2	3	C6M	5	0.74
4	2	3	C6M	6	0.738
4	2	3	C6M	7	0.714
4	2	3	C6M	8	0.771
4	2	3	C6M	9	0.724
0	3	1	C1	1	0.294
0	3	1	C1	2	0.278
0	3	1	C1	3	0.276
0	3	1	C1	4	0.278
0	3	1	C1	5	0.289
0	3	1	C1	6	0.308
0	3	1	C6F	1	0.824
0	3	1	C6F	2	0.672
0	3	1	C6F	3	0.824
0	3	1	C6F	4	0.797
0	3	1	C6F	5	0.832
0	3	1	C6F	6	0.806
0	3	1	C6M	1	0.738
0	3	2	C1	1	0.323
0	3	2	C1	2	0.291
0	3	2	C1	3	0.3
0	3	2	C1	4	0.311
0	3	2	C1	5	0.356
0	3	2	C1	6	0.277
0	3	2	C1	7	0.317
0	3	2	C1	8	0.268
0	3	2	C1	9	0.316
0	3	2	C6F	1	0.833
0	3	2	C6F	2	0.842
0	3	2	C6F	3	0.808
0	3	2	C6F	4	0.819
0	3	2	C6F	5	0.804
0	3	2	C6F	6	0.808
0	3	2	C6F	7	0.731
0	3	2	C6M	1	0.74
0	3	2	C6M	2	0.703
0	3	2	C6M	3	0.749
0	3	3	C1	1	0.273
0	3	3	C6F	1	0.797
0	3	3	C6F	2	0.791
2	3	1	C1	1	0.284
2	3	1	C1	10	0.303
2	3	1	C1	11	0.291
2	3	1	C1	12	0.308
2	3	1	C1	2	0.312
2	3	1	C1	3	0.294
2	3	1	C1	4	0.277
2	3	1	C1	5	0.299
2	3	1	C1	6	0.313
2	3	1	C1	7	0.317
2	3	1	C1	8	0.298
2	3	1	C1	9	0.287
2	3	1	C6F	1	0.735
2	3	1	C6F	10	0.703
2	3	1	C6F	11	0.735
2	3	1	C6F	12	0.765
2	3	1	C6F	2	0.724
2	3	1	C6F	3	0.766
2	3	1	C6F	4	0.716
2	3	1	C6F	5	0.742
2	3	1	C6F	6	0.75
2	3	1	C6F	7	0.753
2	3	1	C6F	8	0.739
2	3	1	C6F	9	0.716
2	3	1	C6M	1	0.661
2	3	1	C6M	10	0.674
2	3	1	C6M	11	0.686
2	3	1	C6M	12	0.671
2	3	1	C6M	2	0.712
2	3	1	C6M	3	0.65
2	3	1	C6M	4	0.724
2	3	1	C6M	5	0.682
2	3	1	C6M	6	0.675
2	3	1	C6M	7	0.684
2	3	1	C6M	8	0.657
2	3	1	C6M	9	0.684
2	3	2	C1	1	0.324
2	3	2	C1	10	0.31
2	3	2	C1	11	0.306
2	3	2	C1	12	0.29
2	3	2	C1	2	0.31
2	3	2	C1	3	0.307
2	3	2	C1	4	0.286
2	3	2	C1	5	0.311
2	3	2	C1	6	0.33
2	3	2	C1	7	0.292
2	3	2	C1	8	0.279
2	3	2	C1	9	0.327
2	3	2	C6F	1	0.775
2	3	2	C6F	10	0.759
2	3	2	C6F	11	0.763
2	3	2	C6F	12	0.752
2	3	2	C6F	2	0.788
2	3	2	C6F	3	0.7
2	3	2	C6F	4	0.718
2	3	2	C6F	5	0.771
2	3	2	C6F	6	0.706
2	3	2	C6F	7	0.739
2	3	2	C6F	8	0.757
2	3	2	C6F	9	0.739
2	3	2	C6M	1	0.672
2	3	2	C6M	10	0.675
2	3	2	C6M	11	0.701
2	3	2	C6M	12	0.693
2	3	2	C6M	2	0.642
2	3	2	C6M	3	0.708
2	3	2	C6M	4	0.712
2	3	2	C6M	5	0.688
2	3	2	C6M	6	0.669
2	3	2	C6M	7	0.678
2	3	2	C6M	8	0.674
2	3	2	C6M	9	0.604
2	3	3	C1	1	0.301
2	3	3	C1	10	0.293
2	3	3	C1	11	0.301
2	3	3	C1	12	0.273
2	3	3	C1	2	0.292
2	3	3	C1	3	0.277
2	3	3	C1	4	0.274
2	3	3	C1	5	0.28
2	3	3	C1	6	0.274
2	3	3	C1	7	0.309
2	3	3	C1	8	0.273
2	3	3	C1	9	0.284
2	3	3	C6F	1	0.742
2	3	3	C6F	10	0.732
2	3	3	C6F	11	0.728
2	3	3	C6F	12	0.708
2	3	3	C6F	2	0.741
2	3	3	C6F	3	0.694
2	3	3	C6F	4	0.727
2	3	3	C6F	5	0.707
2	3	3	C6F	6	0.743
2	3	3	C6F	7	0.73
2	3	3	C6F	8	0.758
2	3	3	C6F	9	0.725
2	3	3	C6M	1	0.64
2	3	3	C6M	10	0.682
2	3	3	C6M	11	0.64
2	3	3	C6M	12	0.67
2	3	3	C6M	2	0.68
2	3	3	C6M	3	0.629
2	3	3	C6M	4	0.635
2	3	3	C6M	5	0.661
2	3	3	C6M	6	0.685
2	3	3	C6M	7	0.677
2	3	3	C6M	8	0.687
2	3	3	C6M	9	0.705
4	3	1	C1	1	0.3
4	3	1	C1	10	0.311
4	3	1	C1	11	0.303
4	3	1	C1	12	0.294
4	3	1	C1	2	0.295
4	3	1	C1	3	0.299
4	3	1	C1	4	0.291
4	3	1	C1	5	0.315
4	3	1	C1	6	0.314
4	3	1	C1	7	0.303
4	3	1	C1	8	0.3
4	3	1	C1	9	0.3
4	3	1	C6F	1	0.762
4	3	1	C6F	10	0.759
4	3	1	C6F	2	0.793
4	3	1	C6F	3	0.742
4	3	1	C6F	4	0.753
4	3	1	C6F	5	0.71
4	3	1	C6F	6	0.768
4	3	1	C6F	7	0.681
4	3	1	C6F	8	0.744
4	3	1	C6F	9	0.762
4	3	1	C6M	1	0.673
4	3	1	C6M	10	0.703
4	3	1	C6M	11	0.673
4	3	1	C6M	12	0.698
4	3	1	C6M	2	0.71
4	3	1	C6M	3	0.69
4	3	1	C6M	3	0.69
4	3	1	C6M	4	0.667
4	3	1	C6M	5	0.709
4	3	1	C6M	6	0.679
4	3	1	C6M	7	0.681
4	3	1	C6M	8	0.648
4	3	1	C6M	9	0.682
4	3	2	C1	1	0.323
4	3	2	C1	10	0.289
4	3	2	C1	11	0.3
4	3	2	C1	12	0.284
4	3	2	C1	2	0.303
4	3	2	C1	3	0.302
4	3	2	C1	4	0.307
4	3	2	C1	5	0.294
4	3	2	C1	6	0.303
4	3	2	C1	7	0.299
4	3	2	C1	8	0.31
4	3	2	C1	9	0.3
4	3	2	C6F	1	0.727
4	3	2	C6F	10	0.771
4	3	2	C6F	11	0.693
4	3	2	C6F	12	0.739
4	3	2	C6F	2	0.791
4	3	2	C6F	3	0.722
4	3	2	C6F	4	0.767
4	3	2	C6F	5	0.724
4	3	2	C6F	6	0.764
4	3	2	C6F	7	0.743
4	3	2	C6F	8	0.722
4	3	2	C6F	9	0.774
4	3	2	C6M	1	0.655
4	3	2	C6M	10	0.691
4	3	2	C6M	11	0.66
4	3	2	C6M	12	0.624
4	3	2	C6M	2	0.667
4	3	2	C6M	3	0.707
4	3	2	C6M	4	0.689
4	3	2	C6M	5	0.656
4	3	2	C6M	6	0.691
4	3	2	C6M	7	0.707
4	3	2	C6M	8	0.711
4	3	2	C6M	9	0.66
4	3	3	C1	1	0.288
4	3	3	C1	10	0.272
4	3	3	C1	11	0.289
4	3	3	C1	12	0.306
4	3	3	C1	2	0.292
4	3	3	C1	3	0.281
4	3	3	C1	4	0.294
4	3	3	C1	5	0.305
4	3	3	C1	6	0.294
4	3	3	C1	7	0.281
4	3	3	C1	8	0.313
4	3	3	C1	9	0.303
4	3	3	C6F	1	0.773
4	3	3	C6F	10	0.772
4	3	3	C6F	11	0.727
4	3	3	C6F	12	0.745
4	3	3	C6F	2	0.817
4	3	3	C6F	3	0.763
4	3	3	C6F	4	0.758
4	3	3	C6F	5	0.769
4	3	3	C6F	6	0.76
4	3	3	C6F	7	0.746
4	3	3	C6F	8	0.738
4	3	3	C6F	9	0.791
4	3	3	C6M	1	0.697
4	3	3	C6M	10	0.701
4	3	3	C6M	11	0.682
4	3	3	C6M	12	0.698
4	3	3	C6M	2	0.704
4	3	3	C6M	3	0.691
4	3	3	C6M	4	0.69
4	3	3	C6M	5	0.727
4	3	3	C6M	6	0.678
4	3	3	C6M	7	0.673
4	3	3	C6M	8	0.664
4	3	3	C6M	9	0.717
0	4	1	C1	1	0.292
0	4	1	C1	2	0.265
0	4	1	C1	3	0.291
0	4	1	C1	4	0.297
0	4	1	C1	5	0.264
0	4	1	C1	6	0.278
0	4	1	C1	7	0.3
0	4	1	C1	8	0.287
0	4	1	C1	9	0.293
0	4	1	C6F	1	0.801
0	4	1	C6F	2	0.782
0	4	1	C6F	3	0.745
0	4	1	C6M	1	0.705
0	4	1	C6M	2	0.709
0	4	1	C6M	3	0.698
0	4	2	C1	1	0.278
0	4	2	C1	2	0.262
0	4	2	C1	3	0.299
0	4	2	C1	4	0.284
0	4	2	C1	5	0.291
0	4	2	C1	6	0.229
0	4	2	C1	7	0.27
0	4	2	C1	8	0.285
0	4	2	C1	9	0.317
0	4	2	C6F	1	0.784
0	4	2	C6F	2	0.751
0	4	2	C6F	3	0.743
0	4	2	C6F	4	0.716
0	4	2	C6F	5	0.74
0	4	2	C6M	1	0.691
0	4	2	C6M	2	0.707
0	4	2	C6M	3	0.667
0	4	2	C6M	4	0.713
0	4	2	C6M	5	0.709
0	4	3	C1	1	0.377
0	4	3	C1	2	0.249
0	4	3	C1	4	0.333
0	4	3	C1	5	0.24
0	4	3	C1	6	0.274
0	4	3	C6F	1	0.714
0	4	3	C6F	2	0.746
0	4	3	C6F	3	0.68
2	4	1	C1	1	0.304
2	4	1	C1	10	0.295
2	4	1	C1	11	0.312
2	4	1	C1	12	0.302
2	4	1	C1	2	0.28
2	4	1	C1	3	0.308
2	4	1	C1	4	0.313
2	4	1	C1	5	0.278
2	4	1	C1	6	0.303
2	4	1	C1	7	0.298
2	4	1	C1	8	0.3
2	4	1	C1	9	0.296
2	4	1	C6F	1	0.754
2	4	1	C6F	10	0.754
2	4	1	C6F	11	0.697
2	4	1	C6F	12	0.712
2	4	1	C6F	2	0.725
2	4	1	C6F	3	0.731
2	4	1	C6F	4	0.721
2	4	1	C6F	5	0.719
2	4	1	C6F	6	0.752
2	4	1	C6F	7	0.699
2	4	1	C6F	8	0.748
2	4	1	C6F	9	0.721
2	4	1	C6M	1	0.712
2	4	1	C6M	10	0.647
2	4	1	C6M	11	0.652
2	4	1	C6M	12	0.682
2	4	1	C6M	2	0.676
2	4	1	C6M	3	0.645
2	4	1	C6M	4	0.683
2	4	1	C6M	5	0.672
2	4	1	C6M	6	0.678
2	4	1	C6M	7	0.705
2	4	1	C6M	8	0.672
2	4	1	C6M	9	0.641
2	4	2	C1	1	0.29
2	4	2	C1	10	0.277
2	4	2	C1	11	0.289
2	4	2	C1	12	0.291
2	4	2	C1	2	0.3
2	4	2	C1	3	0.304
2	4	2	C1	4	0.3
2	4	2	C1	5	0.267
2	4	2	C1	6	0.272
2	4	2	C1	7	0.297
2	4	2	C1	8	0.281
2	4	2	C1	9	0.283
2	4	2	C6F	1	0.721
2	4	2	C6F	10	0.736
2	4	2	C6F	11	0.723
2	4	2	C6F	12	0.678
2	4	2	C6F	2	0.711
2	4	2	C6F	3	0.726
2	4	2	C6F	4	0.687
2	4	2	C6F	5	0.703
2	4	2	C6F	6	0.738
2	4	2	C6F	7	0.717
2	4	2	C6F	8	0.685
2	4	2	C6F	9	0.728
2	4	2	C6M	1	0.663
2	4	2	C6M	10	0.661
2	4	2	C6M	11	0.665
2	4	2	C6M	12	0.691
2	4	2	C6M	2	0.603
2	4	2	C6M	3	0.666
2	4	2	C6M	4	0.66
2	4	2	C6M	5	0.676
2	4	2	C6M	6	0.637
2	4	2	C6M	7	0.69
2	4	2	C6M	8	0.682
2	4	2	C6M	9	0.673
2	4	3	C1	1	0.304
2	4	3	C1	10	0.285
2	4	3	C1	11	0.281
2	4	3	C1	12	0.287
2	4	3	C1	2	0.297
2	4	3	C1	3	0.28
2	4	3	C1	4	0.302
2	4	3	C1	5	0.331
2	4	3	C1	6	0.293
2	4	3	C1	7	0.306
2	4	3	C1	8	0.286
2	4	3	C1	9	0.319
2	4	3	C6F	1	0.78
2	4	3	C6F	10	0.73
2	4	3	C6F	11	0.775
2	4	3	C6F	12	0.714
2	4	3	C6F	2	0.739
2	4	3	C6F	3	0.789
2	4	3	C6F	4	0.743
2	4	3	C6F	5	0.769
2	4	3	C6F	6	0.788
2	4	3	C6F	7	0.79
2	4	3	C6F	8	0.744
2	4	3	C6F	9	0.747
2	4	3	C6M	1	0.661
2	4	3	C6M	10	0.699
2	4	3	C6M	11	0.693
2	4	3	C6M	12	0.714
2	4	3	C6M	2	0.661
2	4	3	C6M	3	0.692
2	4	3	C6M	4	0.675
2	4	3	C6M	5	0.696
2	4	3	C6M	6	0.699
2	4	3	C6M	7	0.688
2	4	3	C6M	8	0.716
2	4	3	C6M	9	0.706
4	4	1	C1	1	0.315
4	4	1	C1	10	0.312
4	4	1	C1	11	0.306
4	4	1	C1	12	0.281
4	4	1	C1	2	0.284
4	4	1	C1	3	0.288
4	4	1	C1	4	0.298
4	4	1	C1	5	0.308
4	4	1	C1	6	0.3
4	4	1	C1	7	0.289
4	4	1	C1	8	0.311
4	4	1	C1	9	0.302
4	4	1	C6F	1	0.702
4	4	1	C6F	10	0.755
4	4	1	C6F	11	0.728
4	4	1	C6F	12	0.741
4	4	1	C6F	2	0.74
4	4	1	C6F	3	0.718
4	4	1	C6F	4	0.734
4	4	1	C6F	5	0.754
4	4	1	C6F	6	0.671
4	4	1	C6F	7	0.669
4	4	1	C6F	8	0.73
4	4	1	C6F	9	0.713
4	4	1	C6M	1	0.591
4	4	1	C6M	10	0.671
4	4	1	C6M	11	0.651
4	4	1	C6M	12	0.623
4	4	1	C6M	2	0.626
4	4	1	C6M	3	0.641
4	4	1	C6M	4	0.625
4	4	1	C6M	5	0.685
4	4	1	C6M	6	0.663
4	4	1	C6M	7	0.639
4	4	1	C6M	8	0.638
4	4	1	C6M	9	0.65
4	4	2	C1	1	0.312
4	4	2	C1	10	0.283
4	4	2	C1	11	0.325
4	4	2	C1	12	0.298
4	4	2	C1	2	0.303
4	4	2	C1	3	0.292
4	4	2	C1	4	0.271
4	4	2	C1	5	0.31
4	4	2	C1	6	0.3
4	4	2	C1	7	0.342
4	4	2	C1	8	0.298
4	4	2	C1	9	0.284
4	4	2	C6F	1	0.765
4	4	2	C6F	10	0.717
4	4	2	C6F	11	0.738
4	4	2	C6F	12	0.758
4	4	2	C6F	2	0.747
4	4	2	C6F	3	0.736
4	4	2	C6F	4	0.77
4	4	2	C6F	5	0.742
4	4	2	C6F	6	0.737
4	4	2	C6F	7	0.752
4	4	2	C6F	8	0.74
4	4	2	C6F	9	0.716
4	4	2	C6M	1	0.681
4	4	2	C6M	10	0.68
4	4	2	C6M	11	0.674
4	4	2	C6M	12	0.687
4	4	2	C6M	2	0.692
4	4	2	C6M	3	0.699
4	4	2	C6M	4	0.686
4	4	2	C6M	5	0.682
4	4	2	C6M	6	0.692
4	4	2	C6M	7	0.718
4	4	2	C6M	8	0.697
4	4	2	C6M	9	0.66
4	4	3	C1	1	0.314
4	4	3	C1	10	0.309
4	4	3	C1	11	0.31
4	4	3	C1	12	0.302
4	4	3	C1	2	0.32
4	4	3	C1	3	0.309
4	4	3	C1	4	0.296
4	4	3	C1	5	0.308
4	4	3	C1	6	0.301
4	4	3	C1	7	0.311
4	4	3	C1	8	0.308
4	4	3	C1	9	0.311
4	4	3	C6F	1	0.757
4	4	3	C6F	10	0.743
4	4	3	C6F	11	0.734
4	4	3	C6F	12	0.742
4	4	3	C6F	2	0.731
4	4	3	C6F	3	0.774
4	4	3	C6F	4	0.754
4	4	3	C6F	5	0.754
4	4	3	C6F	6	0.75
4	4	3	C6F	7	0.753
4	4	3	C6F	8	0.767
4	4	3	C6F	9	0.718
4	4	3	C6M	1	0.653
4	4	3	C6M	10	0.668
4	4	3	C6M	11	0.714
4	4	3	C6M	12	0.697
4	4	3	C6M	2	0.68
4	4	3	C6M	3	0.693
4	4	3	C6M	4	0.702
4	4	3	C6M	5	0.696
4	4	3	C6M	6	0.687
4	4	3	C6M	7	0.698
4	4	3	C6M	8	0.677
4	4	3	C6M	9	0.675
11	4	1	C1	1	0.31
11	4	1	C1	10	0.313
11	4	1	C1	11	0.317
11	4	1	C1	12	0.279
11	4	1	C1	2	0.313
11	4	1	C1	3	0.265
11	4	1	C1	4	0.262
11	4	1	C1	5	0.296
11	4	1	C1	6	0.305
11	4	1	C1	7	0.283
11	4	1	C1	8	0.319
11	4	1	C1	9	0.299
11	4	1	C6F	1	0.78
11	4	1	C6F	10	0.776
11	4	1	C6F	11	0.799
11	4	1	C6F	12	0.758
11	4	1	C6F	2	0.788
11	4	1	C6F	3	0.808
11	4	1	C6F	4	0.794
11	4	1	C6F	5	0.803
11	4	1	C6F	6	0.796
11	4	1	C6F	7	0.769
11	4	1	C6F	8	0.763
11	4	1	C6F	9	0.788
11	4	1	C6M	1	0.687
11	4	1	C6M	10	0.704
11	4	1	C6M	11	0.639
11	4	1	C6M	12	0.704
11	4	1	C6M	2	0.706
11	4	1	C6M	3	0.694
11	4	1	C6M	4	0.689
11	4	1	C6M	5	0.71
11	4	1	C6M	6	0.702
11	4	1	C6M	7	0.697
11	4	1	C6M	8	0.721
11	4	1	C6M	9	0.709
11	4	2	C1	1	0.294
11	4	2	C1	10	0.283
11	4	2	C1	11	0.345
11	4	2	C1	12	0.256
11	4	2	C1	2	0.278
11	4	2	C1	3	0.24
11	4	2	C1	4	0.308
11	4	2	C1	5	0.29
11	4	2	C1	6	0.283
11	4	2	C1	7	0.294
11	4	2	C1	8	0.285
11	4	2	C1	9	0.298
11	4	2	C6F	1	0.758
11	4	2	C6F	10	0.758
11	4	2	C6F	11	0.753
11	4	2	C6F	12	0.753
11	4	2	C6F	2	0.744
11	4	2	C6F	3	0.761
11	4	2	C6F	4	0.801
11	4	2	C6F	5	0.776
11	4	2	C6F	6	0.766
11	4	2	C6F	7	0.735
11	4	2	C6F	8	0.763
11	4	2	C6F	9	0.726
11	4	2	C6M	1	0.681
11	4	2	C6M	10	0.685
11	4	2	C6M	11	0.703
11	4	2	C6M	12	0.692
11	4	2	C6M	2	0.672
11	4	2	C6M	3	0.676
11	4	2	C6M	4	0.668
11	4	2	C6M	5	0.721
11	4	2	C6M	6	0.701
11	4	2	C6M	7	0.686
11	4	2	C6M	8	0.691
11	4	2	C6M	9	0.695
11	4	3	C1	1	0.29
11	4	3	C1	10	0.301
11	4	3	C1	11	0.282
11	4	3	C1	12	0.261
11	4	3	C1	2	0.3
11	4	3	C1	3	0.283
11	4	3	C1	4	0.277
11	4	3	C1	5	0.287
11	4	3	C1	6	0.252
11	4	3	C1	7	0.263
11	4	3	C1	8	0.273
11	4	3	C1	9	0.275
11	4	3	C6F	1	0.816
11	4	3	C6F	10	0.785
11	4	3	C6F	11	0.785
11	4	3	C6F	12	0.81
11	4	3	C6F	2	0.795
11	4	3	C6F	3	0.796
11	4	3	C6F	4	0.78
11	4	3	C6F	5	0.775
11	4	3	C6F	6	0.786
11	4	3	C6F	7	0.828
11	4	3	C6F	8	0.772
11	4	3	C6F	9	0.749
11	4	3	C6M	1	0.704
11	4	3	C6M	10	0.703
11	4	3	C6M	11	0.656
11	4	3	C6M	12	0.701
11	4	3	C6M	2	0.714
11	4	3	C6M	3	0.724
11	4	3	C6M	4	0.681
11	4	3	C6M	5	0.708
11	4	3	C6M	6	0.697
11	4	3	C6M	7	0.737
11	4	3	C6M	8	0.736
11	4	3	C6M	9	0.67
