Generation	Number	Treatment	Temp	pH	Naup1	Un1	Sum1	EPR1	HF1	Naup2	Un2	Sum2	EPR2	HF2	EPRtot	Hftot
0	1	AM	13	8.2	51	1	52	26	0.980769231	36	1	37	18.5	0.972972973	22	0.98
0	2	AM	13	8.2	68	3	71	35.5	0.957746479	53	4	57	28.5	0.929824561	32	0.95
0	3	AM	13	8.2	52	3	55	27.5	0.945454545	16	12	28	14	0.571428571	21	0.82
0	4	AM	13	8.2	46	1	47	23.5	0.978723404	15	0	15	7.5	1	16	0.98
0	5	AM	13	8.2	27	3	30	15	0.9	24	0	24	12	1	14	0.94
0	6	AM	13	8.2	45	1	46	23	0.97826087	40	0	40	20	1	22	0.99
0	7	AM	13	8.2	56	1	57	28.5	0.98245614	44	2	46	23	0.956521739	26	0.97
0	8	AM	13	8.2	49	1	50	25	0.98	58	6	64	32	0.90625	29	0.94
0	9	AM	13	8.2	44	9	53	26.5	0.830188679	32	13	45	22.5	0.711111111	25	0.78
0	10	AM	13	8.2	47	4	51	25.5	0.921568627	49	1	50	25	0.98	25	0.95
0	11	AM	13	8.2	49	2	51	25.5	0.960784314	60	1	61	30.5	0	28	0.96
0	12	AM	13	8.2	38	0	38	19	1	25	0	25	12.5	1	16	1
0	13	AM	13	8.2	42	4	46	23	0.913043478	47	3	50	25	0.94	24	0.93
0	14	AM	13	8.2	52	1	53	26.5	0.981132075	0	0	0	0	0	27	0.98
0	15	AM	13	8.2	31	9	40	20	0.775	21	7	28	14	0	17	0.78
0	16	AM	13	8.2	16	2	18	9	0.888888889	29	1	30	15	0.966666667	12	0.94
0	17	AM	13	8.2	53	1	54	27	0.981481481	70	0	70	35	1	31	0.99
0	18	AM	13	8.2	41	0	41	20.5	0	43	3	46	23	0	22	
0	19	AM	13	8.2	43	0	43	21.5	1	0	0	0	0		22	1
0	20	AM	13	8.2	32	0	32	16	1	44	1	45	22.5	0.977777778	19	0.99
0	21	AM	13	8.2	52	0	52	26	1	49	5	54	27	0.907407407	27	0.95
0	22	AM	13	8.2	50	3	53	26.5	0.943396226	48	2	50	25	0.96	26	0.95
0	23	AM	13	8.2	46	1	47	23.5	0.978723404	57	1	58	29	0.982758621	26	0.98
0	24	AM	13	8.2	50	0	50	25	1	51	1	52	26	0.980769231	26	0.99
0	25	AM	13	8.2	58	0	58	29	1	31	0	31	15.5	1	22	1
0	26	AM	13	8.2	60	1	61	30.5	0.983606557	51	2	53	26.5	0.962264151	29	0.97
0	27	AM	13	8.2	50	4	54	27	0.925925926	44	15	59	29.5	0.745762712	28	0.83
0	28	AM	13	8.2	56	0	56	28	1	49	2	51	25.5	0.960784314	27	0.98
0	29	AM	13	8.2	52	0	52	26	1	44	1	45	22.5	0.977777778	24	0.99
0	30	AM	13	8.2	42	0	42	21	1	0	0	0	0	0	21	1
0	31	AM	13	8.2	73	0	73	36.5	1	60	2	62	31	0.967741935	34	0.99
0	32	AM	13	8.2	58	4	62	31	0.935483871	38	20	58	29	0.655172414	30	0.8
0	33	AM	13	8.2	68	10	78	39	0.871794872	53	4	57	28.5	0.929824561	34	0.9
0	34	AM	13	8.2	50	0	50	25	1	47	3	50	25	0.94	25	0.97
0	35	AM	13	8.2	51	1	52	26	0.980769231	60	2	62	31	0.967741935	29	0.97
0	36	AM	13	8.2	48	4	52	26	0.923076923	0	37	37	18.5	0	22	0.54
2	1	AM	13	8.2	44	3	47	23.5	0.936170213	52	1	53	26.5	0.981132075	25	0.96
2	2	AM	13	8.2	21	0	21	10.5	1	12	4	16	8	0.75	9	0.89
2	3	AM	13	8.2	67	0	67	33.5	1	70	0	70	35	1	34	1
2	4	AM	13	8.2	59	0	59	29.5	1	43	4	47	23.5	0.914893617	27	0.96
2	5	AM	13	8.2	58	0	58	29	1	45	0	45	22.5	1	26	1
2	6	AM	13	8.2	63	1	64	32	0.984375	51	1	52	26	0.980769231	29	0.98
2	7	AM	13	8.2	59	2	61	30.5	0.967213115	46	1	47	23.5	0.978723404	27	0.97
2	8	AM	13	8.2	50	0	50	25	1	39	8	47	23.5	0.829787234	24	0.92
2	9	AM	13	8.2	38	1	39	19.5	0.974358974	49	0	49	24.5	1	22	0.99
2	10	AM	13	8.2	56	0	56	28	1	47	1	48	24	0.979166667	26	0.99
2	11	AM	13	8.2	47	0	47	23.5	1	31	0	31	15.5	1	20	1
2	12	AM	13	8.2	57	0	57	28.5	1	46	1	47	23.5	0.978723404	26	0.99
2	13	AM	13	8.2	0	0	0	0	0	41	0	41	20.5	1	10	1
2	14	AM	13	8.2	0	0	0	0	0	23	0	23	11.5	1	6	1
2	15	AM	13	8.2	26	0	26	13	0	20	7	27	13.5	0	13	0
2	16	AM	13	8.2	12	0	12	6	1	25	1	26	13	0.961538462	10	0.97
2	17	AM	13	8.2	3	0	3	1.5	1	0	8	8	4	0	3	0.27
2	18	AM	13	8.2	21	0	21	10.5	1	36	3	39	19.5	0.923076923	15	0.95
2	19	AM	13	8.2	1	0	1	0.5	1	23	0	23	11.5	1	6	1
2	20	AM	13	8.2	0	0	0	0	0	0	14	14	7	0	4	0
2	21	AM	13	8.2	3	1	4	2	0.75	33	4	37	18.5	0.891891892	10	0.88
2	22	AM	13	8.2	3	0	3	1.5	1	25	1	26	13	0.961538462	7	0.97
2	23	AM	13	8.2	2	0	2	1	1	34	0	34	17	1	9	1
2	24	AM	13	8.2	0	0	0	0	0	16	0	16	8	1	4	1
2	25	AM	13	8.2	60	6	66	33	0.909090909	53	1	54	27	0.981481481	30	0.94
2	26	AM	13	8.2	51	0	51	25.5	1	52	6	58	29	0.896551724	27	0.94
2	27	AM	13	8.2	56	0	56	28	1	62	0	62	31	1	30	1
2	28	AM	13	8.2	66	1	67	33.5	0.985074627	46	2	48	24	0.958333333	29	0.97
2	29	AM	13	8.2	42	0	42	21	1	46	0	46	23	1	22	1
2	30	AM	13	8.2	62	3	65	32.5	0.953846154	45	1	46	23	0.97826087	28	0.96
2	31	AM	13	8.2	37	2	39	19.5	0.948717949	38	2	40	20	0.95	20	0.95
2	32	AM	13	8.2	33	3	36	18	0.916666667	50	1	51	25.5	0.980392157	22	0.95
2	33	AM	13	8.2	46	0	46	23	1	49	0	49	24.5	1	24	1
2	34	AM	13	8.2	46	1	47	23.5	0.978723404	46	0	46	23	1	23	0.99
2	35	AM	13	8.2	17	3	20	10	0.85	44	3	47	23.5	0.936170213	17	0.91
2	36	AM	13	8.2	9	10	19	9.5	0.473684211	36	2	38	19	0.947368421	14	0.79
4	1	AM	13	8.2	31	0	31	15.5	1	60	0	60	30	1	22.75	1
4	2	AM	13	8.2	9	0	9	4.5	1	41	0	41	20.5	1	12.5	1
4	3	AM	13	8.2	41	0	41	20.5	1	61	0	61	30.5	1	25.5	1
4	4	AM	13	8.2	41	3	44	22	0	0	0	0	0	0	11	0
4	5	AM	13	8.2	26	0	26	13	1	41	2	43	21.5	0.953488372	17.25	0.97
4	6	AM	13	8.2	5	2	7	3.5	0.714285714	8	6	14	7	0.571428571	5.25	0.62
4	7	AM	13	8.2	44	0	44	22	1	62	0	62	31	1	26.5	1
4	8	AM	13	8.2	39	0	39	19.5	1	0	0	0	0		19.5	1
4	9	AM	13	8.2	54	1	55	27.5	0.981818182	65	0	65	32.5	1	30	0.99
4	10	AM	13	8.2	22	0	22	11	1	16	2	18	9	0.888888889	10	0.95
4	11	AM	13	8.2	40	0	40	20	1	39	0	39	19.5	1	19.75	1
4	12	AM	13	8.2	44	0	44	22	1	59	3	62	31	0.951612903	26.5	0
4	13	AM	13	8.2	0	0	0	0		0	0	0	0		0	0
4	14	AM	13	8.2	73	0	73	36.5	1	56	1	57	28.5	0.98245614	32.5	1
4	15	AM	13	8.2	26	10	36	18	0.722222222	0	0	0	0		18	0.72
4	16	AM	13	8.2	45	0	45	22.5	1	56	2	58	29	0.965517241	25.75	0.98
4	17	AM	13	8.2	46	1	47	23.5	0.978723404	59	1	60	30	0.983333333	26.75	0.98
4	18	AM	13	8.2	45	1	46	23	0.97826087	59	1	60	30	0.983333333	26.5	0.98
4	19	AM	13	8.2	0	0	0	0		0	0	0	0		0	0
4	20	AM	13	8.2	22	22	44	22	0.5	17	22	39	19.5	0.435897436	20.75	0.47
4	21	AM	13	8.2	42	2	44	22	0.954545455	44	8	52	26	0.846153846	24	0.9
4	22	AM	13	8.2	9	3	12	6	0.75	0	0	0	0		6	0.75
4	23	AM	13	8.2	52	0	52	26	1	65	1	66	33	0.984848485	29.5	0.99
4	24	AM	13	8.2	39	0	39	19.5	1	45	1	46	23	0.97826087	21.25	0.99
4	25	AM	13	8.2	32	0	32	16	1	31	13	44	22	0.704545455	19	0.83
4	26	AM	13	8.2	37	0	37	18.5	1	47	4	51	25.5	0.921568627	22	0.95
4	27	AM	13	8.2	42	0	42	21	1	66	1	67	33.5	0.985074627	27.25	0.99
4	28	AM	13	8.2	48	1	49	24.5	0.979591837	42	1	43	21.5	0.976744186	23	0.98
4	29	AM	13	8.2	53	0	53	26.5	1	0	0	0	0		26.5	1
4	30	AM	13	8.2	54	0	54	27	1	58	1	59	29.5	0.983050847	28.25	0.99
4	31	AM	13	8.2	56	0	56	28	1	57	0	57	28.5	1	28.25	1
4	32	AM	13	8.2	43	6	49	24.5	0.87755102	34	21	55	27.5	0.618181818	26	0.74
4	33	AM	13	8.2	49	0	49	24.5	1	44	1	45	22.5	0.977777778	23.5	0.99
4	34	AM	13	8.2	48	0	48	24	1	55	1	56	28	0.982142857	26	0
4	35	AM	13	8.2	13	0	13	6.5	1	36	5	41	20.5	0.87804878	13.5	0
4	36	AM	13	8.2	49	1	50	25	0.98	48	1	49	24.5	0.979591837	24.75	0.98
0	1	OA	13	7.5	42	2	44	22	0.954545455	44	7	51	25.5	0	24	0.95
0	2	OA	13	7.5	25	0	25	12.5	1	50	0	50	25	1	19	1
0	3	OA	13	7.5	44	2	46	23	0.956521739	44	0	44	22	1	23	0.98
0	4	OA	13	7.5	19	21	40	20	0.475	2	21	23	11.5	0.086956522	16	0.33
0	5	OA	13	7.5	65	0	65	32.5	1	62	0	62	31	1	32	1
0	6	OA	13	7.5	59	1	60	30	0.983333333	54	2	56	28	0.964285714	29	0.97
0	7	OA	13	7.5	59	0	59	29.5	1	0	0	0	0	0	30	1
0	8	OA	13	7.5	65	0	65	32.5	1	56	0	56	28	1	30	1
0	9	OA	13	7.5	45	1	46	23	0.97826087	44	2	46	23	0.956521739	23	0.97
0	10	OA	13	7.5	45	0	45	22.5	1	53	0	53	26.5	1	25	1
0	11	OA	13	7.5	46	0	46	23	1	59	2	61	30.5	0.967213115	27	0.98
0	12	OA	13	7.5	26	15	41	20.5	0.634146341	8	30	38	19	0.210526316	20	0.43
0	13	OA	13	7.5	55	6	61	30.5	0.901639344	58	4	62	31	0.935483871	31	0.92
0	14	OA	13	7.5	39	5	44	22	0.886363636	49	5	54	27	0.907407407	25	0.9
0	15	OA	13	7.5	47	0	47	23.5	1	54	0	54	27	1	25	1
0	16	OA	13	7.5	62	0	62	31	1	62	1	63	31.5	0.984126984	31	0.99
0	17	OA	13	7.5	64	0	64	32	1	59	2	61	30.5	0.967213115	31	0.98
0	18	OA	13	7.5	0	0	0	0	0	0	0	0	0	0		
0	19	OA	13	7.5	60	0	60	30	1	47	4	51	25.5	0.921568627	28	0.96
0	20	OA	13	7.5	47	0	47	23.5	1	51	4	55	27.5	0.927272727	26	0.96
0	21	OA	13	7.5	24	0	24	12	1	60	1	61	30.5	0.983606557	21	0.99
0	22	OA	13	7.5	36	1	37	18.5	0.972972973	30	1	31	15.5	0.967741935	17	0.97
0	23	OA	13	7.5	47	0	47	23.5	1	50	0	50	25	1	24	1
0	24	OA	13	7.5	46	59	105	52.5	0.438095238	55	1	56	28	0.982142857	40	0.63
0	25	OA	13	7.5	25	1	26	13	0.961538462	45	0	45	22.5	1	18	0.99
0	26	OA	13	7.5	21	1	22	11	0.954545455	40	3	43	21.5	0.930232558	16	0.94
0	27	OA	13	7.5	46	0	46	23	1	0	0	0	0	0	12	1
0	28	OA	13	7.5	26	0	26	13	1	32	0	32	16	1	15	1
0	29	OA	13	7.5	13	0	13	6.5	1	68	3	71	35.5	0.957746479	21	0.96
0	30	OA	13	7.5	50	0	50	25	1	56	0	56	28	1	27	1
0	31	OA	13	7.5	8	0	8	4	1	45	8	53	26.5	0.849056604	15	0.87
0	32	OA	13	7.5	59	0	59	29.5	1	50	0	50	25	1	27	1
0	33	OA	13	7.5	56	1	57	28.5	0.98245614	36	0	36	18	1	23	0.99
0	34	OA	13	7.5	16	0	16	8	1	52	0	52	26	1	17	1
0	35	OA	13	7.5	15	0	15	7.5	1	47	0	47	23.5	1	16	1
0	36	OA	13	7.5	50	9	59	29.5	0.847457627	27	29	56	28	0.482142857	29	0.67
2	1	OA	13	7.8	14	0	14	7	1	33	4	37	18.5	0.891891892	13	0.92
2	2	OA	13	7.8	0	0	0	0	0	21	12	33	16.5	0.636363636	8	0.64
2	3	OA	13	7.8	26	1	27	13.5	0.962962963	48	8	56	28	0.857142857	21	0.89
2	4	OA	13	7.8	2	1	3	1.5	0.666666667	19	2	21	10.5	0.904761905	6	0.88
2	5	OA	13	7.8	46	1	47	23.5	0.978723404	48	5	53	26.5	0.905660377	25	0.94
2	6	OA	13	7.8	0	0	0	0	0	2	2	4	2	0.5	1	0.5
2	7	OA	13	7.8	27	0	27	13.5	1	48	1	49	24.5	0.979591837	19	0.99
2	8	OA	13	7.8	21	1	22	11	0.954545455	4	2	6	3	0.666666667	7	0.95
2	9	OA	13	7.8	15	1	16	8	0.9375	0	0	0	0	0	8	0.94
2	10	OA	13	7.8	2	0	2	1	1	21	2	23	11.5	0.913043478	6	0.92
2	11	OA	13	7.8	8	0	8	4	1	31	0	31	15.5	1	10	1
2	12	OA	13	7.8	12	0	12	6	1	24	1	25	12.5	0.96	9	0.97
2	13	OA	13	7.8	71	0	71	35.5	1	62	6	68	34	0.911764706	35	0.96
2	14	OA	13	7.8	107	0	107	26.75	1	99	1	100	25	0.99	26	1
2	15	OA	13	7.8	109	1	110	55	0.990909091	65	5	70	35	0.928571429	45	0.97
2	16	OA	13	7.8	58	1	59	29.5	0.983050847	65	0	65	32.5	1	31	0.99
2	17	OA	13	7.8	42	0	42	21	1	23	0	23	11.5	1	16	1
2	18	OA	13	7.8	79	1	80	40	0.9875	63	0	63	31.5	1	36	0
2	19	OA	13	7.8	89	4	93	46.5	0.956989247	75	2	77	38.5	0.974025974	43	0.96
2	20	OA	13	7.8	83	0	83	41.5	1	86	0	86	43	1	42	1
2	21	OA	13	7.8	90	3	93	46.5	0.967741935	43	7	50	25	0.86	36	0.93
2	22	OA	13	7.8	101	0	101	50.5	1	26	0	26	13	1	32	1
2	23	OA	13	7.8	83	2	85	42.5	0.976470588	68	0	68	34	1	38	0.99
2	24	OA	13	7.8	80	1	81	40.5	0.987654321	73	0	73	36.5	1	39	0.99
2	25	OA	13	7.8	17	0	17	8.5	1	42	1	43	21.5	0.976744186	15	0.98
2	26	OA	13	7.8	14	1	15	7.5	0.933333333	55	1	56	28	0.982142857	18	0.97
2	27	OA	13	7.8	9	1	10	5	0.9	19	0	19	9.5	1	7	0.97
2	28	OA	13	7.8	1	0	1	0.5	1	61	0	61	30.5	1	16	1
2	29	OA	13	7.8	13	0	13	6.5	1	69	0	69	34.5	1	21	1
2	30	OA	13	7.8	45	0	45	22.5	1	67	0	67	33.5	1	28	1
2	31	OA	13	7.8	11	1	12	6	0.916666667	54	1	55	27.5	0.981818182	17	0.97
2	32	OA	13	7.8	0	2	2	1	0	26	14	40	20	0.65	11	0.62
2	33	OA	13	7.8	43	1	44	22	0.977272727	32	12	44	22	0.727272727	22	0.85
2	34	OA	13	7.8	0	0	0	0	0	0	14	14	7	0	4	0
2	35	OA	13	7.8	6	0	6	3	1	41	1	42	21	0.976190476	12	0.98
2	36	OA	13	7.8	0	10	10	5	0	0	29	29	14.5	0	10	0
4	1	OA	13	7.5	25	0	25	12.5	1	34	0	34	17	1	14.75	1
4	2	OA	13	7.5	24	0	24	12	1	23	1	24	12	0.958333333	12	0.98
4	3	OA	13	7.5	15	0	15	7.5	1	39	0	39	19.5	1	13.5	1
4	4	OA	13	7.5	48	0	48	24	1	58	8	66	33	0.878787879	28.5	0.93
4	5	OA	13	7.5	44	0	44	22	1	63	0	63	31.5	1	26.75	1
4	6	OA	13	7.5	44	0	44	22	1	42	1	43	21.5	0.976744186	21.75	0.99
4	7	OA	13	7.5	16	0	16	8	1	16	2	18	9	0.888888889	8.5	0.94
4	8	OA	13	7.5	13	0	13	6.5	1	50	0	50	25	1	15.75	1
4	9	OA	13	7.5	10	0	10	5	1	25	1	26	13	0.961538462	9	1
4	10	OA	13	7.5	18	0	18	9	1	43	0	43	21.5	1	15.25	1
4	11	OA	13	7.5	30	0	30	15	1	42	0	42	21	1	18	1
4	12	OA	13	7.5	24	0	24	12	1	39	3	42	21	0.928571429	16.5	0.95
4	13	OA	13	7.5	23	0	23	11.5	1	24	3	27	13.5	0.888888889	12.5	0.94
4	14	OA	13	7.5	24	0	24	12	1	19	0	19	9.5	1	10.75	1
4	15	OA	13	7.5	21	0	21	10.5	1	46	1	47	23.5	0.978723404	17	0.99
4	16	OA	13	7.5	0	0	0	0	0	0	0	0	0	0	0	0
4	17	OA	13	7.5	21	0	21	10.5	1	49	1	50	25	0.98	17.75	0.99
4	18	OA	13	7.5	22	0	22	11	1	24	0	24	12	1	11.5	1
4	19	OA	13	7.5	33	0	33	16.5	1	54	1	55	27.5	0.981818182	22	0.99
4	20	OA	13	7.5	19	0	19	9.5	1	26	0	26	13	1	11.25	1
4	21	OA	13	7.5	16	0	16	8	1	38	0	38	19	1	13.5	1
4	22	OA	13	7.5	31	0	31	15.5	1	38	0	38	19	1	17.25	1
4	23	OA	13	7.5	29	0	29	14.5	1	41	0	41	20.5	1	17.5	1
4	24	OA	13	7.5	27	0	27	13.5	1	26	0	26	13	1	13.25	1
4	25	OA	13	7.5	25	3	28	14	0.892857143	28	3	31	15.5	0.903225806	14.75	0.9
4	26	OA	13	7.5	50	0	50	25	1	49	0	49	24.5	1	24.75	1
4	27	OA	13	7.5	21	16	37	18.5	0.567567568	14	26	40	20	0.35	19.25	0.45
4	28	OA	13	7.5	27	0	27	13.5	1	45	0	45	22.5	1	18	1
4	29	OA	13	7.5	47	1	48	24	0.979166667	47	0	47	23.5	1	23.75	0.99
4	30	OA	13	7.5	40	1	41	20.5	0.975609756	41	0	41	20.5	1	20.5	0.99
4	31	OA	13	7.5	0	48	48	24	0	0	65	65	32.5	0	28.25	0
4	32	OA	13	7.5	14	8	22	11	0.636363636	12	19	31	15.5	0.387096774	13.25	0.49
4	33	OA	13	7.5	24	17	41	20.5	0.585365854	11	14	25	12.5	0.44	16.5	0.53
4	34	OA	13	7.5	12	0	12	6	1	31	4	35	17.5	0.885714286	11.75	0.91
4	35	OA	13	7.5	41	3	44	22	0.931818182	35	1	36	18	0.972222222	20	0.95
4	36	OA	13	7.5	39	0	39	19.5	1	64	0	64	32	1	25.75	1
0	1	OW	17	8.2	32	0	32	16	1	55	2	57	28.5	0.964912281	22	0.98
0	2	OW	17	8.2	0	0	0	0		0	0	0	0			
0	3	OW	17	8.2	0	0	0	0		0	0	0	0			
0	4	OW	17	8.2	6	3	9	4.5	0.666666667	39	2	41	20.5	0.951219512	13	0.9
0	5	OW	17	8.2	10	0	10	5	1	48	0	48	24	1	15	1
0	6	OW	17	8.2	37	8	45	22.5	0.822222222	28	14	42	21	0.666666667	22	0.75
0	7	OW	17	8.2	6	3	9	4.5	0.666666667	61	1	62	31	0.983870968	18	0.94
0	8	OW	17	8.2	26	1	27	13.5	0.962962963	40	0	40	20	1	17	
0	9	OW	17	8.2	35	2	37	18.5	0.945945946	43	1	44	22	0.977272727	20	0.96
0	10	OW	17	8.2	6	2	8	4	0.75	36	4	40	20	0.9	12	
0	11	OW	17	8.2	0	0	0	0		4	7	11	5.5	0.363636364	3	0.36
0	12	OW	17	8.2	45	0	45	22.5	1	52	0	52	26	1	24	1
0	13	OW	17	8.2	0	0	0	0		0	0	0	0			
0	14	OW	17	8.2	6	15	21	10.5	0.285714286	15	9	24	12	0	11	0.29
0	15	OW	17	8.2	3	2	5	2.5	0.6	0	0	0	0		3	0.6
0	16	OW	17	8.2	0	0	0	0		0	0	0	0			
0	17	OW	17	8.2	0	0	0	0		0	0	0	0			
0	18	OW	17	8.2	26	8	34	17	0.764705882	0	0	0	0	0	9	0.76
0	19	OW	17	8.2	31	0	31	15.5	1	16	14	30	15	0.533333333	15	0.77
0	20	OW	17	8.2	29	2	31	15.5	0.935483871	44	0	44	22	0	19	0.94
0	21	OW	17	8.2	0	0	0	0		9	2	11	5.5	0.818181818	3	0.82
0	22	OW	17	8.2	0	0	0	0		0	0	0	0			
0	23	OW	17	8.2	0	0	0	0		0	0	0	0			
0	24	OW	17	8.2	30	1	31	15.5	0.967741935	11	3	14	7	0	11	0.97
0	25	OW	17	8.2	0	4	4	2	0	0	0	0	0		1	0
0	26	OW	17	8.2	48	11	59	29.5	0.813559322	38	33	71	35.5	0.535211268	33	0.66
0	27	OW	17	8.2	11	0	11	5.5	1	38	1	39	19.5	0.974358974	13	0.98
0	28	OW	17	8.2	22	6	28	14	0.785714286	41	2	43	21.5	0.953488372	18	0.89
0	29	OW	17	8.2	10	2	12	6	0.833333333	31	5	36	18	0	12	0.83
0	30	OW	17	8.2	0	0	0	0		0	0	0	0		0	
0	31	OW	17	8.2	1	18	19	9.5	0.052631579	38	1	39	19.5	0.974358974	15	0.67
0	32	OW	17	8.2	0	0	0	0		0	0	0	0			
0	33	OW	17	8.2	1	1	2	1	0.5	0	0	0	0		1	0.5
0	34	OW	17	8.2	0	0	0	0		0	0	0	0	0	0	
0	35	OW	17	8.2	3	3	6	3	0.5	35	4	39	19.5	0.897435897	11	
0	36	OW	17	8.2	2	6	8	4	0.25	0	8	8	4	0	4	0.25
2	1	OW	17	8.2	10	9	19	9.5	0.526315789	44	0	44	22	1	16	0.86
2	2	OW	17	8.2	36	1	37	18.5	0.972972973	61	0	61	30.5	1	25	0.99
2	3	OW	17	8.2	27	0	27	13.5	1	46	0	46	23	1	18	1
2	4	OW	17	8.2	25	0	25	12.5	1	58	0	58	29	1	21	1
2	5	OW	17	8.2	23	0	23	11.5	1	52	0	52	26	1	19	1
2	6	OW	17	8.2	16	3	19	9.5	0.842105263	36	0	36	18	1	14	0.95
2	7	OW	17	8.2	20	0	20	10	1	34	0	34	17	1	14	1
2	8	OW	17	8.2	11	0	11	5.5	1	38	0	38	19	1	12	1
2	9	OW	17	8.2	18	0	18	9	1	0	0	0	0	0	9	1
2	10	OW	17	8.2	17	0	17	8.5	1	40	0	40	20	1	14	1
2	11	OW	17	8.2	8	9	17	8.5	0	41	0	41	20.5	0	15	0
2	12	OW	17	8.2	14	7	21	10.5	0.666666667	38	2	40	20	0.95	15	0.85
2	13	OW	17	8.2	4	3	7	3.5	0.571428571	40	0	40	20	1	12	0.94
2	14	OW	17	8.2	0	0	0	0	0	0	0	0	0	0	0	0
2	15	OW	17	8.2	5	1	6	3	0.833333333	33	0	33	16.5	1	10	0.97
2	16	OW	17	8.2	2	0	2	1	1	22	0	22	11	1	6	1
2	17	OW	17	8.2	14	1	15	7.5	0.933333333	40	0	40	20	1	14	0.98
2	18	OW	17	8.2	10	1	11	5.5	0.909090909	30	2	32	16	0.9375	11	0.93
2	19	OW	17	8.2	1	0	1	0.5	1	23	0	23	11.5	1	6	1
2	20	OW	17	8.2	3	0	3	1.5	1	37	0	37	18.5	1	10	1
2	21	OW	17	8.2	15	0	15	7.5	1	31	0	31	15.5	1	12	1
2	22	OW	17	8.2	11	0	11	5.5	1	39	0	39	19.5	1	13	1
2	23	OW	17	8.2	12	0	12	6	1	40	2	42	21	0.952380952	14	0.96
2	24	OW	17	8.2	15	0	15	7.5	1	0	38	38	19	0	13	0.28
2	25	OW	17	8.2	9	0	9	4.5	1	34	0	34	17	1	11	1
2	26	OW	17	8.2	9	1	10	5	0.9	25	0	25	12.5	1	9	0.97
2	27	OW	17	8.2	7	0	7	3.5	1	36	0	36	18	1	11	1
2	28	OW	17	8.2	0	1	1	0.5	0	0	0	0	0	0	0	0
2	29	OW	17	8.2	4	1	5	2.5	0.8	28	2	30	15	0.933333333	9	0.91
2	30	OW	17	8.2	0	2	2	1	0	0	11	11	5.5	0	3	0
2	31	OW	17	8.2	0	0	0	0	0	0	0	0	0	0	0	0
2	32	OW	17	8.2	3	1	4	2	0.75	45	0	45	22.5	1	12	0.98
2	33	OW	17	8.2	0	2	2	1	0	27	1	28	14	0.964285714	8	0.9
2	34	OW	17	8.2	0	13	13	6.5	0	34	0	34	17	1	12	0.72
2	35	OW	17	8.2	0	0	0	0	0	0	0	0	0	0	0	0
2	36	OW	17	8.2	0	0	0	0	0	0	0	0	0	0	0	0
4	1	OW	17	8.2	0	0	0	0	0	0	0	0	0	0		
4	2	OW	17	8.2	9	0	9	4.5	1	9	2	11	5.5	0.818181818	5	0.9
4	3	OW	17	8.2	19	0	19	9.5	1	26	0	26	13	1	11.25	1
4	4	OW	17	8.2	22	0	22	11	1	44	0	44	22	1	16.5	1
4	5	OW	17	8.2	0	0	0	0	0	0	0	0	0	0		
4	6	OW	17	8.2	38	0	38	19	1	41	2	43	21.5	0.953488372	20.25	0.98
4	7	OW	17	8.2	34	0	34	17	1	35	0	35	17.5	1	17.25	1
4	8	OW	17	8.2	34	0	34	17	1	0	0	0	0	0	17	1
4	9	OW	17	8.2	30	0	30	15	1	39	3	42	21	0.928571429	18	0.96
4	10	OW	17	8.2	11	0	11	5.5	1	27	1	28	14	0.964285714	9.75	0.97
4	11	OW	17	8.2	22	0	22	11	1	36	1	37	18.5	0.972972973	14.75	0.98
4	12	OW	17	8.2	19	1	20	10	0.95	18	2	20	10	0.9	10	0.93
4	13	OW	17	8.2	6	5	11	5.5	0.545454545	4	10	14	7	0.285714286	6.25	0.4
4	14	OW	17	8.2	20	2	22	11	0	25	3	28	14	0	12.5	0
4	15	OW	17	8.2	0	14	14	7	0	0	14	14	7	0	7	0
4	16	OW	17	8.2	25	9	34	17	0.735294118	29	5	34	17	0	17	0.74
4	17	OW	17	8.2	18	1	19	9.5	0.947368421	26	2	28	14	0.928571429	11.75	0.94
4	18	OW	17	8.2	7	6	13	6.5	0.538461538	11	3	14	7	0.785714286	6.75	0.67
4	19	OW	17	8.2	26	1	27	13.5	0.962962963	23	12	35	17.5	0	15.5	0.96
4	20	OW	17	8.2	3	20	23	11.5	0.130434783	1	30	31	15.5	0	13.5	0.13
4	21	OW	17	8.2	3	20	23	11.5	0.130434783	0	12	12	6	0	8.75	0.13
4	22	OW	17	8.2	0	13	13	6.5	0	0	0	0	0	0	6.5	0
4	23	OW	17	8.2	19	12	31	15.5	0.612903226	3	26	29	14.5	0.103448276	15	0.37
4	24	OW	17	8.2	11	18	29	14.5	0.379310345	1	34	35	17.5	0.028571429	16	0.19
4	25	OW	17	8.2	49	6	55	27.5	0.890909091	31	2	33	16.5	0.939393939	22	0.91
4	26	OW	17	8.2	49	1	50	25	0	48	1	49	24.5	0.979591837	24.75	0.98
4	27	OW	17	8.2	41	0	41	20.5	1	32	6	38	19	0.842105263	19.75	0.92
4	28	OW	17	8.2	32	7	39	19.5	0.820512821	38	5	43	21.5	0.88372093	20.5	0.85
4	29	OW	17	8.2	48	0	48	24	1	44	1	45	22.5	0.977777778	23.25	0.99
4	30	OW	17	8.2	35	2	37	18.5	0.945945946	2	22	24	12	0.083333333	15.25	0.61
4	31	OW	17	8.2	21	0	21	10.5	1	45	1	46	23	0.97826087	16.75	0.99
4	32	OW	17	8.2	43	2	45	22.5	0.955555556	38	2	40	20	0.95	21.25	0.95
4	33	OW	17	8.2	53	2	55	27.5	0.963636364	21	3	24	12	0.875	19.75	0.94
4	34	OW	17	8.2	60	0	60	30	1	0	35	35	17.5	0	23.75	0.63
4	35	OW	17	8.2	51	1	52	26	0.980769231	46	0	46	23	1	24.5	0.99
4	36	OW	17	8.2	0	30	30	15	0	0	0	0	0	0	15	0
0	1	OWA	17	7.5	43	3	46	23	0.934782609	32	1	33	16.5	0.96969697	20	0.95
0	2	OWA	17	7.5	40	7	47	23.5	0.85106383	45	1	46	23	0.97826087	23	0.91
0	3	OWA	17	7.5	0	0	0	0	0	0	0	0	0	0		
0	4	OWA	17	7.5	39	7	46	23	0.847826087	17	5	22	11	0.772727273	17	0.82
0	5	OWA	17	7.5	0	0	0	0	0	0	0	0	0	0		
0	6	OWA	17	7.5	0	0	0	0	0	0	0	0	0	0		
0	7	OWA	17	7.5	0	0	0	0	0	0	0	0	0	0		
0	8	OWA	17	7.5	35	0	35	17.5	1	44	0	44	22	1	20	1
0	9	OWA	17	7.5	56	1	57	28.5	0.98245614	37	0	37	18.5	1	24	0.99
0	10	OWA	17	7.5	20	7	27	13.5	0.740740741	29	0	29	14.5	1	14	0.88
0	11	OWA	17	7.5	51	2	53	26.5	0.962264151	40	1	41	20.5	0.975609756	24	0.97
0	12	OWA	17	7.5	34	1	35	17.5	0.971428571	22	0	22	11	1	14	0.98
0	13	OWA	17	7.5	15	1	16	8	0.9375	34	1	35	17.5	0.971428571	13	0.96
0	14	OWA	17	7.5	61	2	63	31.5	0.968253968	8	8	16	8	0.5	10	0.97
0	15	OWA	17	7.5	21	15	36	18	0.583333333	6	7	13	6.5	0.461538462	12	0.55
0	16	OWA	17	7.5	33	7	40	20	0.825	34	1	35	17.5	0.971428571	19	0.89
0	17	OWA	17	7.5	40	0	40	20	1	14	1	15	7.5	0.933333333	14	0.98
0	18	OWA	17	7.5	34	4	38	19	0.894736842	19	3	22	11	0.863636364	15	0.88
0	19	OWA	17	7.5	0	0	0	0	0	0	0	0	0	0		
0	20	OWA	17	7.5	24	0	24	12	1	29	1	30	15	0.966666667	14	0.98
0	21	OWA	17	7.5	24	0	24	12	1	17	0	17	8.5	1	10	1
0	22	OWA	17	7.5	18	22	40	20	0.45	0	0	0	0	0	20	0.45
0	23	OWA	17	7.5	37	1	38	19	0.973684211	33	1	34	17	0.970588235	18	0.97
0	24	OWA	17	7.5	26	0	26	13	1	16	2	18	9	0.888888889	11	0.95
0	25	OWA	17	7.5	39	2	41	20.5	0.951219512	30	1	31	15.5	0.967741935	18	0.96
0	26	OWA	17	7.5	39	6	45	22.5	0.866666667	28	2	30	15	0.933333333	19	0.89
0	27	OWA	17	7.5	28	0	28	14	1	33	0	33	16.5	1	15	1
0	28	OWA	17	7.5	38	4	42	21	0.904761905	29	5	34	17	0.852941176	19	0.88
0	29	OWA	17	7.5	31	0	31	15.5	1	51	2	53	26.5	0.962264151	21	0.98
0	30	OWA	17	7.5	16	0	16	8	1	34	1	35	17.5	0.971428571	13	0.98
0	31	OWA	17	7.5	7	15	22	11	0.318181818	5	15	20	10	0.25	11	0.29
0	32	OWA	17	7.5	43	4	47	23.5	0.914893617	30	5	35	17.5	0.857142857	21	0.89
0	33	OWA	17	7.5	0	0	0	0	0	0	0	0	0	0		
0	34	OWA	17	7.5	0	0	0	0	0	0	0	0	0	0		
0	35	OWA	17	7.5	19	2	21	10.5	0.904761905	33	1	34	17	0.970588235	14	0.95
0	36	OWA	17	7.5	42	0	42	21	1	32	0	32	16	1	19	1
2	1	OWA	17	7.8	7	2	9	4.5	0.777777778	21	0	21	10.5	1	8	0.93
2	2	OWA	17	7.8	21	1	22	11	0.954545455	36	0	36	18	1	15	0.98
2	3	OWA	17	7.8	22	11	33	16.5	0.666666667	42	0	42	21	1	19	0.85
2	4	OWA	17	7.8	9	1	10	5	0.9	33	0	33	16.5	1	11	0.98
2	5	OWA	17	7.8	17	2	19	9.5	0.894736842	60	2	62	31	0.967741935	20	0.95
2	6	OWA	17	7.8	36	1	37	18.5	0	50	1	51	25.5	0	22	0
2	7	OWA	17	7.8	25	0	25	12.5	1	42	0	42	21	1	17	1
2	8	OWA	17	7.8	32	0	32	16	1	47	0	47	23.5	1	20	1
2	9	OWA	17	7.8	23	0	23	11.5	1	59	0	59	29.5	1	21	1
2	10	OWA	17	7.8	9	5	14	7	0.642857143	35	0	35	17.5	1	12	0.9
2	11	OWA	17	7.8	22	1	23	11.5	0	59	1	60	30	0	21	0
2	12	OWA	17	7.8	27	1	28	14	0.964285714	41	0	41	20.5	1	17	0.99
2	13	OWA	17	7.8	23	1	24	12	0.958333333	34	0	34	17	1	15	0.98
2	14	OWA	17	7.8	22	1	23	11.5	0.956521739	42	0	42	21	1	16	0.96
2	15	OWA	17	7.8	4	0	4	2	1	26	1	27	13.5	0.962962963	8	0.97
2	16	OWA	17	7.8	3	1	4	2	0.75	37	0	37	18.5	1	10	0.98
2	17	OWA	17	7.8	27	4	31	15.5	0	44	0	44	22	0	19	0
2	18	OWA	17	7.8	34	2	36	18	0.944444444	36	0	36	18	1	18	0.97
2	19	OWA	17	7.8	19	3	22	11	0.863636364	0	0	0	0	0	11	0.86
2	20	OWA	17	7.8	32	3	35	17.5	0.914285714	0	0	0	0	0	18	0.91
2	21	OWA	17	7.8	27	2	29	14.5	0.931034483	42	0	42	21	1	18	0.97
2	22	OWA	17	7.8	11	12	23	11.5	0.47826087	17	12	29	14.5	0.586206897	13	0.54
2	23	OWA	17	7.8	0	1	1	0.5	0	4	5	9	4.5	0.444444444	3	0.4
2	24	OWA	17	7.8	27	1	28	14	0.964285714	39	5	44	22	0.886363636	18	0.92
2	25	OWA	17	7.8	31	0	31	15.5	1	48	0	48	24	1	20	1
2	26	OWA	17	7.8	22	5	27	13.5	0.814814815	20	2	22	11	0.909090909	12	0.86
2	27	OWA	17	7.8	26	3	29	14.5	0.896551724	21	16	37	18.5	0.567567568	17	0.71
2	28	OWA	17	7.8	28	2	30	15	0.933333333	0	0	0	0	0	15	0.93
2	29	OWA	17	7.8	23	3	26	13	0.884615385	38	0	38	19	1	16	0.95
2	30	OWA	17	7.8	0	6	6	3	0	1	17	18	9	0.055555556	6	0.04
2	31	OWA	17	7.8	23	0	23	11.5	1	43	6	49	24.5	0.87755102	18	0.92
2	32	OWA	17	7.8	5	13	18	9	0.277777778	0	30	30	15	0	12	0.1
2	33	OWA	17	7.8	33	3	36	18	0.916666667	47	0	47	23.5	1	21	0.96
2	34	OWA	17	7.8	6	22	28	14	0.214285714	50	6	56	28	0.892857143	21	0.67
2	35	OWA	17	7.8	30	2	32	16	0.9375	49	1	50	25	0.98	21	0.96
2	36	OWA	17	7.8	34	2	36	18	0.944444444	40	12	52	26	0.769230769	22	0.84
4	1	OWA	17	7.5	46	0	46	23	1	50	0	50	25	0	24	1
4	2	OWA	17	7.5	42	1	43	21.5	0.976744186	51	0	51	25.5	1	23.5	0.99
4	3	OWA	17	7.5	39	1	40	20	0.975	32	0	32	16	0	18	0.98
4	4	OWA	17	7.5	60	0	60	30	1	44	0	44	22	1	26	1
4	5	OWA	17	7.5	44	0	44	22	1	45	0	45	22.5	1	22.25	1
4	6	OWA	17	7.5	16	0	16	8	1	15	0	15	7.5	1	7.75	1
4	7	OWA	17	7.5	29	6	35	17.5	0.828571429	20	0	20	10	1	13.75	0.89
4	8	OWA	17	7.5	58	1	59	29.5	0.983050847	53	0	53	26.5	0	28	0.98
4	9	OWA	17	7.5	46	1	47	23.5	0.978723404	48	0	48	24	1	23.75	0.99
4	10	OWA	17	7.5	23	38	61	30.5	0.37704918	0	0	0	0	0	30.5	0.38
4	11	OWA	17	7.5	27	0	27	13.5	1	47	0	47	23.5	1	18.5	1
4	12	OWA	17	7.5	37	0	37	18.5	1	40	0	40	20	1	19.25	1
4	13	OWA	17	7.5	37	0	37	18.5	1	25	0	25	12.5	0	15.5	1
4	14	OWA	17	7.5	45	2	47	23.5	0.957446809	40	0	40	20	1	21.75	0.96
4	15	OWA	17	7.5	42	0	42	21	1	14	2	16	8	0.875	14.5	0.97
4	16	OWA	17	7.5	44	0	44	22	1	40	0	40	20	1	21	1
4	17	OWA	17	7.5	43	0	43	21.5	1	27	0	27	13.5	0	17.5	1
4	18	OWA	17	7.5	33	1	34	17	0.970588235	32	0	32	16	1	16.5	0.98
4	19	OWA	17	7.5	33	0	33	16.5	0	29	0	29	14.5	0	15.5	1
4	20	OWA	17	7.5	31	0	31	15.5	1	24	0	24	12	1	13.75	1
4	21	OWA	17	7.5	40	1	41	20.5	0.975609756	30	0	30	15	1	17.75	0.99
4	22	OWA	17	7.5	20	0	20	10	1	25	0	25	12.5	1	11.25	1
4	23	OWA	17	7.5	41	0	41	20.5	1	41	1	42	21	0.976190476	20.75	0.99
4	24	OWA	17	7.5	31	0	31	15.5	1	11	5	16	8	0.6875	11.75	0.89
4	25	OWA	17	7.5	40	0	40	20	1	32	0	32	16	1	18	1
4	26	OWA	17	7.5	43	0	43	21.5	1	41	0	41	20.5	1	21	1
4	27	OWA	17	7.5	39	1	40	20	0.975	59	1	60	30	0	25	0.98
4	28	OWA	17	7.5	45	0	45	22.5	0	30	0	30	15	1	18.75	1
4	29	OWA	17	7.5	33	5	38	19	0.868421053	25	1	26	13	0.961538462	16	0.91
4	30	OWA	17	7.5	48	1	49	24.5	0.979591837	39	1	40	20	0.975	22.25	0.98
4	31	OWA	17	7.5	57	2	59	29.5	0.966101695	49	1	50	25	0.98	27.25	0.97
4	32	OWA	17	7.5	32	8	40	20	0.8	34	2	36	18	0.944444444	19	0.87
4	33	OWA	17	7.5	40	1	41	20.5	0	24	4	28	14	0.857142857	17.25	0.98
4	34	OWA	17	7.5	31	3	34	17	0.911764706	26	1	27	13.5	0.962962963	15.25	0.93
4	35	OWA	17	7.5	34	0	34	17	1	21	1	22	11	0.954545455	14	0.98
4	36	OWA	17	7.5	44	1	45	22.5	0.977777778	55	1	56	28	0.982142857	25.25	0.98
