Treatment	Food	Bin	Hatch1	Hatch2	Hatch3	Unhatch1	Unhatch2	Unhatch3	EPR	HF1	HF2	HF3	HF
4	600	1	5	3	2	0	1	1	4	1	0.75	0.666666667	1
4	600	1	3	10	10	0	0	8	10.33333333	1	1	0.555555556	0.741935484
4	600	1	8	14	18	0	1	0	13.66666667	1	0.933333333	1	0.975609756
4	600	1	3	11	27	0	0	0	13.66666667	1	1	1	1
4	250	1	8	11	20	0	0	1	13.33333333	1	1	0.952380952	0.975
4	250	1	2	9	12	0	0	0	7.666666667	1	1	1	1
4	250	1	4	11	14	0	2	0	10.33333333	1	0.846153846	1	0
4	250	1	4	5	8	0	0	1	6	1	1	0.888888889	0.944444444
4	0	1	2	0	2	0	0	0	1.333333333	1	0	1	1
4	0	1	1	0	2	0	0	0	1.5	1	0	1	0
4	0	1	0	0	0	0	0	0	0	0	0	0	0
4	0	1	1	0	0	0	0	0	0.5	1	0	0	1
4	600	2	0	0	0	0	0	0	0	0	0	0	0
4	600	2	3	1	2	1	2	0	3	0.75	0.333333333	1	0.666666667
4	600	2	0	0	0	11	7	6	8	0	0	0	0
4	600	2	0	3	1	0	1	0	1.666666667	0	0.75	1	0.8
4	250	2	11	10	12	2	3	5	14.33333333	0.846153846	0.769230769	0.705882353	0
4	250	2	30	13	11	0	1	1	18.66666667	1	0.928571429	0.916666667	0.964285714
4	250	2	0	0	0	3	4	2	3	0	0	0	0
4	250	2	11	8	19	0	0	0	12.66666667	1	1	1	1
4	0	2	0	0	0	0	0	0	0	0	0	0	0
4	0	2	7	1	0	0	0	0	2.666666667	1	1	0	1
4	0	2	0	0	0	0	0	0	0	0	0	0	0
4	0	2	1	0	0	0	0	0	0.333333333	1	0	0	1
4	600	3	1	5	10	0	3	5	8	1	0.625	0.666666667	0.666666667
4	600	3	12	11	15	0	2	1	13.66666667	1	0.846153846	0.9375	0.926829268
4	600	3	8	13	16	2	1	1	13.66666667	0.8	0.928571429	0.941176471	0.902439024
4	600	3	8	22	20	1	2	2	18.33333333	0.888888889	0.916666667	0.909090909	0.909090909
4	250	3	7	5	7	0	5	2	8.666666667	1	0.5	0.777777778	0.730769231
4	250	3	3	10	19	0	2	1	11.66666667	1	0.833333333	0.95	0.914285714
4	250	3	11	0	0	0	0	0	5.5	1	0	0	1
4	250	3	1	0	0	0	0	0	0.333333333	1	0	0	1
4	0	3	5	2	2	0	0	0	3	1	1	1	1
4	0	3	3	1	0	0	0	0	1.333333333	1	1	0	1
4	0	3	0	0	0	0	0	0	0	0	0	0	0
4	0	3	0	0	0	0	0	0	0	0	0	0	0
5	600	1	18	32	23	1	0	0	24.66666667	0.947368421	1	1	0.947368421
5	600	1	23	31	33	0	0	0	29	1	1	1	1
5	600	1	25	26	25	2	2	3	27.66666667	0.925925926	0.928571429	0.892857143	0.915662651
5	600	1	2	0	0	14	23	23	20.66666667	0.125	0	0	0.032258065
5	250	1	0	0	0	9	14	0	11.5	0	0	0	0
5	250	1	19	9	11	0	2	0	13.66666667	1	0.818181818	1	0.951219512
5	250	1	0	1	0	2	14	0	8.5	0	0.066666667	0	0.058823529
5	250	1	1	0	0	5	14	7	9	0.166666667	0	0	0.037037037
5	0	1	9	9	5	0	0	0	7.666666667	1	1	1	1
5	0	1	0	0	0	7	5	1	4.333333333	0	0	0	0
5	0	1	4	8	0	1	0	0	4.333333333	0.8	1	0	0.923076923
5	0	1	17	9	2	0	1	0	9	1	0.9	1	0.965517241
5	600	2	0	0	0	0	0	0	0	0	0	0	0
5	600	2	12	30	29	0	1	0	24	1	0.967741935	1	0.986111111
5	600	2	29	0	0	1	0	0	30	0.966666667	0	0	0.966666667
5	600	2	15	21	28	0	5	0	23	1	0.807692308	1	0.927536232
5	250	2	1	0	1	0	1	11	4.666666667	1	0	0.083333333	0.142857143
5	250	2	13	28	27	0	1	0	23	1	0.965517241	1	0.985507246
5	250	2	12	26	22	0	0	0	20	1	1	1	1
5	250	2	7	21	26	0	1	0	18.33333333	1	0.954545455	1	0.981818182
5	0	2	6	8	2	0	0	0	5.333333333	1	1	1	1
5	0	2	7	0	0	0	0	0	7	1	0	0	1
5	0	2	12	13	4	0	0	0	9.666666667	1	1	1	1
5	0	2	12	13	1	0	0	0	8.666666667	1	1	1	1
5	600	3	1	1	0	33	48	43	42	0.029411765	0.020408163	0	0.015873016
5	600	3	0	0	0	18	21	22	20.33333333	0	0	0	0
5	600	3	0	0	0	12	11	14	12.33333333	0	0	0	0
5	600	3	0	0	0	21	30	32	27.66666667	0	0	0	0
5	250	3	0	0	0	12	24	20	18.66666667	0	0	0	0
5	250	3	0	0	0	8	24	15	15.66666667	0	0	0	0
5	250	3	0	1	0	13	11	12	12.33333333	0	0.083333333	0	0
5	0	3	1	0	0	12	2	0	7.5	0.076923077	0	0	0.066666667
5	0	3	0	0	0	12	0	0	4	0	0	0	0
5	0	3	0	0	0	4	0	0	4	0	0	0	0
1	600	1	10	16	22	0	0	0	16	1	1	1	1
1	600	1	5	9	18	0	1	1	11.33333333	1	0.9	0.947368421	0.941176471
1	600	1	23	0	0	0	0	0	23	1	0	0	1
1	600	1	16	23	35	3	0	0	25.66666667	0.842105263	1	1	0.961038961
1	250	1	4	8	9	0	0	1	7.333333333	1	1	0.9	0.954545455
1	250	1	3	10	9	0	0	3	8.333333333	1	1	0.75	0.88
1	250	1	13	12	22	0	0	0	15.66666667	1	1	1	1
1	250	1	7	7	20	0	0	0	11.33333333	1	1	1	1
1	0	1	1	1	0	2	1	2	2.333333333	0.333333333	0.5	0	0.285714286
1	0	1	2	4	4	3	0	0	4.333333333	0.4	1	1	0.769230769
1	0	1	2	1	0	0	0	0	1	1	1	0	1
1	0	1	0	0	0	2	2	0	1.333333333	0	0	0	0
1	600	2	16	8	3	1	11	17	18.66666667	0.941176471	0.421052632	0.15	0.482142857
1	600	2	22	17	32	1	0	1	24.33333333	0.956521739	1	0.96969697	0.97260274
1	600	2	22	19	26	0	1	4	24	1	0.95	0.866666667	0.930555556
1	600	2	12	8	21	0	2	1	14.66666667	1	0.8	0.954545455	0.931818182
1	250	2	8	6	9	3	1	1	9.333333333	0.727272727	0.857142857	0.9	0.821428571
1	250	2	3	6	13	1	3	1	9	0.75	0.666666667	0.928571429	0.814814815
1	250	2	22	8	21	0	0	1	17.33333333	1	1	0.954545455	0.980769231
1	250	2	14	6	15	1	1	0	12.33333333	0.933333333	0.857142857	1	0
1	0	2	6	5	2	2	0	0	5	0.75	1	1	0.866666667
1	0	2	13	4	2	0	0	0	6.333333333	1	1	1	1
1	0	2	0	0	0	1	0	0	0.333333333	0	0	0	0
1	0	2	8	3	2	5	0	0	6	0.615384615	1	1	0.722222222
1	600	3	38	27	27	1	9	3	35	0.974358974	0.75	0.9	0.876190476
1	600	3	32	28	33	0	6	2	33.66666667	1	0.823529412	0.942857143	0.920792079
1	600	3	33	33	37	1	0	1	35	0.970588235	1	0.973684211	0.980952381
1	600	3	24	21	27	0	2	2	25.33333333	1	0.913043478	0.931034483	0.947368421
1	250	3	37	23	23	0	1	0	28	1	0.958333333	1	0
1	250	3	22	18	13	5	4	2	21.33333333	0.814814815	0.818181818	0.866666667	0.828125
1	250	3	5	3	16	26	8	10	22.66666667	0.161290323	0.272727273	0.615384615	0.352941176
1	250	3	34	23	33	1	0	0	30.33333333	0.971428571	1	1	0.989010989
1	0	3	12	11	6	1	0	0	10	0.923076923	1	1	0.966666667
1	0	3	22	7	5	1	0	0	11.66666667	0.956521739	1	1	0.971428571
1	0	3	7	4	1	6	6	2	8.666666667	0.538461538	0.4	0.333333333	0.461538462
1	0	3	27	7	0	2	1	0	18.5	0.931034483	0.875	0	0.918918919
6	600	1	5	7	10	0	0	0	7.333333333	1	1	1	1
6	600	1	1	8	8	0	0	0	5.666666667	1	1	1	1
6	600	1	1	25	18	0	1	1	15.33333333	1	0.961538462	0.947368421	0.956521739
6	600	1	1	17	14	2	1	1	12	0.333333333	0.944444444	0.933333333	0.888888889
6	250	1	4	13	10	1	1	0	9.666666667	0.8	0.928571429	1	0.931034483
6	250	1	6	14	11	1	1	1	11.33333333	0.857142857	0.933333333	0.916666667	0.911764706
6	250	1	4	0	0	0	0	0	2	1	0	0	1
6	250	1	1	5	7	0	1	0	4.666666667	1	0.833333333	1	0.928571429
6	0	1	2	14	12	1	1	0	10	0.666666667	0.933333333	1	0.933333333
6	0	1	3	15	15	3	0	0	12	0.5	1	1	0.916666667
6	0	1	1	8	10	0	1	0	6.666666667	1	0.888888889	1	0.95
6	0	1	5	11	15	0	0	0	10.33333333	1	1	1	1
6	600	2	0	2	0	0	0	0	0.666666667	0	1	0	1
6	600	2	1	1	0	0	0	0	0.666666667	1	1	0	1
6	600	2	1	0	0	0	0	0	0.333333333	1	0	0	1
6	600	2	0	1	0	0	0	0	0.333333333	0	1	0	1
6	250	2	0	1	0	0	0	0	0.333333333	0	1	0	1
6	250	2	0	0	0	0	0	0	0	0	0	0	0
6	250	2	17	17	15	0	0	1	16.66666667	1	1	0.9375	0.98
6	250	2	17	0	0	7	0	0	24	0.708333333	0	0	0.708333333
6	0	2	11	20	8	0	2	0	13.66666667	1	0.909090909	1	0.951219512
6	0	2	21	43	19	0	0	0	27.66666667	1	1	1	1
6	0	2	14	20	9	2	0	0	15	0.875	1	1	0.955555556
6	0	2	18	0	0	5	0	0	11.5	0.782608696	0	0	0.782608696
6	600	3	6	13	9	2	1	0	10.33333333	0.75	0.928571429	1	0.903225806
6	600	3	30	21	17	0	0	0	22.66666667	1	1	1	1
6	600	3	12	17	19	0	3	0	17	1	0.85	1	0.941176471
6	600	3	25	26	21	2	0	0	24.66666667	0.925925926	1	1	0.972972973
6	250	3	28	27	26	0	0	0	27	1	1	1	1
6	250	3	18	21	23	2	0	0	0	0.9	1	1	0.96875
6	250	3	7	2	0	4	1	0	4.666666667	0.636363636	0.666666667	0	0.642857143
6	250	3	4	4	0	0	0	0	2.666666667	1	1	0	1
6	0	3	12	2	0	0	0	0	4.666666667	1	1	0	0
6	0	3	14	5	0	0	0	0	6.333333333	1	1	0	1
6	0	3	5	0	0	0	2	0	2.333333333	1	0	0	0.714285714
6	0	3	0	5	3	0	2	0	3.333333333	0	0.714285714	1	0.8
