Treatment	Food	Rep	surv	epr	hf	dev.time	lambda
1	250	1	0.88	7.333333333	0.954545455	18	1.12666498200912
1	250	1	0.88	8.333333333	0.88	18	1.12886295665914
1	250	1	0.88	15.66666667	1	18	1.16575667919157
1	250	1	0.88	11.33333333	1	18	1.14978085854646
1	250	1	0.88	9.333333333	0.821428571	18	1.13096990100399
1	250	1	0.88	9	0.814814815	18	1.12886295667178
1	250	1	0.88	17.33333333	0.980769231	18	1.16984388840331
1	250	1	0.88	12.33333333	0	18	0
1	250	1	0.88	28	0	18	0
1	250	1	0.88	21.33333333	0.828125	18	1.17177680688231
1	250	1	0.88	22.66666667	0.352941176	18	1.13299330548613
1	250	1	0.88	30.33333333	0.989010989	18	1.1989148227901
1	250	2	0.967741935	7.333333333	0.954545455	15	1.14435021124088
1	250	2	0.967741935	8.333333333	0.88	15	1.1472939524417
1	250	2	0.967741935	15.66666667	1	15	1.1965870912816
1	250	2	0.967741935	11.33333333	1	15	1.17526857847433
1	250	2	0.967741935	9.333333333	0.821428571	15	1.1501149955504
1	250	2	0.967741935	9	0.814814815	15	1.14729395245864
1	250	2	0.967741935	17.33333333	0.980769231	15	1.20203508620854
1	250	2	0.967741935	12.33333333	0	15	0
1	250	2	0.967741935	28	0	15	0
1	250	2	0.967741935	21.33333333	0.828125	15	1.20461071968446
1	250	2	0.967741935	22.66666667	0.352941176	15	1.15282347042822
1	250	2	0.967741935	30.33333333	0.989010989	15	1.24072020454347
1	250	3	0.6	7.333333333	0.954545455	18	1.04604263841592
1	250	3	0.6	8.333333333	0.88	18	1.04838338991504
1	250	3	0.6	15.66666667	1	18	1.08739990694015
1	250	3	0.6	11.33333333	1	18	1.07056704835911
1	250	3	0.6	9.333333333	0.821428571	18	1.05062542619675
1	250	3	0.6	9	0.814814815	18	1.0483833899285
1	250	3	0.6	17.33333333	0.980769231	18	1.09169168830094
1	250	3	0.6	12.33333333	0	18	0
1	250	3	0.6	28	0	18	0
1	250	3	0.6	21.33333333	0.828125	18	1.09371931282762
1	250	3	0.6	22.66666667	0.352941176	18	1.05277694180019
1	250	3	0.6	30.33333333	0.989010989	18	1.12205333759522
1	600	1	0.76	16	1	19	1.12619826713423
1	600	1	0.76	11.33333333	0.941176471	19	1.1072713166969
1	600	1	0.76	23	1	19	1.14352085848071
1	600	1	0.76	25.66666667	0.961038961	19	1.14690244064066
1	600	1	0.76	18.66666667	0.482142857	19	1.09947188351759
1	600	1	0.76	24.33333333	0.97260274	19	1.14490034429303
1	600	1	0.76	24	0.930555556	19	1.14210318737268
1	600	1	0.76	14.66666667	0.931818182	19	1.11878723303799
1	600	1	0.76	35	0.876190476	19	1.1575150556955
1	600	1	0.76	33.66666667	0.920792079	19	1.15804553123104
1	600	1	0.76	35	0.980952381	19	1.16307338221594
1	600	1	0.76	25.33333333	0.947368421	19	1.14557641866103
1	600	2	0.923076923	16	1	17	1.18918609819388
1	600	2	0.923076923	11.33333333	0.941176471	17	1.16635553829963
1	600	2	0.923076923	23	1	17	1.21010701861927
1	600	2	0.923076923	25.66666667	0.961038961	17	1.21419382417588
1	600	2	0.923076923	18.66666667	0.482142857	17	1.1569562672858
1	600	2	0.923076923	24.33333333	0.97260274	17	1.2117740852284
1	600	2	0.923076923	24	0.930555556	17	1.20839396272874
1	600	2	0.923076923	14.66666667	0.931818182	17	1.18024302881123
1	600	2	0.923076923	35	0.876190476	17	1.22702548863588
1	600	2	0.923076923	33.66666667	0.920792079	17	1.22766711354555
1	600	2	0.923076923	35	0.980952381	17	1.23374951487469
1	600	2	0.923076923	25.33333333	0.947368421	17	1.21259115525615
1	600	3	0.84	16	1	18	1.06347624503391
1	600	3	0.84	11.33333333	0.941176471	18	1.04102181994588
1	600	3	0.84	23	1	18	1.08398417907075
1	600	3	0.84	25.66666667	0.961038961	18	1.0879827994087
1	600	3	0.84	18.66666667	0.482142857	18	1.03175444246041
1	600	3	0.84	24.33333333	0.97260274	18	1.08561556776157
1	600	3	0.84	24	0.930555556	18	1.08230736230862
1	600	3	0.84	14.66666667	0.931818182	18	1.05468986682519
1	600	3	0.84	35	0.876190476	18	1.10052184257753
1	600	3	0.84	33.66666667	0.920792079	18	1.10114821283583
1	600	3	0.84	35	0.980952381	18	1.10708308137441
1	600	3	0.84	25.33333333	0.947368421	18	1.08641500310495
4	250	1	0.92	13.33333333	0.975	20	1.10232604766651
4	250	1	0.92	7.666666667	1	20	1.07555514084184
4	250	1	0.92	10.33333333	0	20	0
4	250	1	0.92	6	0.944444444	20	1.0605276858617
4	250	1	0.92	14.33333333	0	20	0
4	250	1	0.92	18.66666667	0.964285714	20	1.11915836944315
4	250	1	0.92	3	0	20	0
4	250	1	0.92	12.66666667	1	20	1.1009935652435
4	250	1	0.92	8.666666667	0.730769231	20	1.0660322501977
4	250	1	0.92	11.66666667	0.914285714	20	1.09221899765558
4	250	1	0.92	5.5	1	20	1.059055161174
4	250	1	0.92	0.333333333	1	20	0.929600956570889
4	250	2	0.72	13.33333333	0.975	21	1.08313262287134
4	250	2	0.72	7.666666667	1	21	1.05849958809408
4	250	2	0.72	10.33333333	0	21	0
4	250	2	0.72	6	0.944444444	21	1.04465909295678
4	250	2	0.72	14.33333333	0	21	0
4	250	2	0.72	18.66666667	0.964285714	21	1.09860580179585
4	250	2	0.72	3	0	21	0
4	250	2	0.72	12.66666667	1	21	1.0819072452575
4	250	2	0.72	8.666666667	0.730769231	21	1.04972998342253
4	250	2	0.72	11.66666667	0.914285714	21	1.07383616960126
4	250	2	0.72	5.5	1	21	1.04330236116653
4	250	2	0.72	0.333333333	1	21	0.923643727521289
4	250	3	0.76	13.33333333	0.975	18	1.13955412043437
4	250	3	0.76	7.666666667	1	18	1.11351234271574
4	250	3	0.76	10.33333333	0	18	0
4	250	3	0.76	6	0.944444444	18	1.0989804287625
4	250	3	0.76	14.33333333	0	18	0
4	250	3	0.76	18.66666667	0.964285714	18	1.1560283232799
4	250	3	0.76	3	0	18	0
4	250	3	0.76	12.66666667	1	18	1.13825328651471
4	250	3	0.76	8.666666667	0.730769231	18	1.10429626946015
4	250	3	0.76	11.66666667	0.914285714	18	1.12969925735615
4	250	3	0.76	5.5	1	18	1.09755980178427
4	250	3	0.76	0.333333333	1	18	0.974946201273269
4	600	1	0.68	4	1	16	1.01390020996741
4	600	1	0.68	10.33333333	0.741935484	16	1.05126161688782
4	600	1	0.68	13.66666667	0.975609756	16	1.0841640180279
4	600	1	0.68	13.66666667	1	16	1.0856568116077
4	600	1	0.68	0	0	16	0
4	600	1	0.68	3	0.666666667	16	0.975606525606429
4	600	1	0.68	8	0	16	0
4	600	1	0.68	1.666666667	0.8	16	0.953904399698188
4	600	1	0.68	8	0.666666667	16	1.03024819602502
4	600	1	0.68	13.66666667	0.926829268	16	1.08106987787469
4	600	1	0.68	13.66666667	0.902439024	16	1.07946480198938
4	600	1	0.68	18.33333333	0.909090909	16	1.0977318539151
4	600	2	0.84	4	1	18	1.06773236311002
4	600	2	0.84	10.33333333	0.741935484	18	1.10233565391647
4	600	2	0.84	13.66666667	0.975609756	18	1.1327054600418
4	600	2	0.84	13.66666667	1	18	1.13408110899048
4	600	2	0.84	0	0	18	0
4	600	2	0.84	3	0.666666667	18	1.03213004673053
4	600	2	0.84	8	0	18	0
4	600	2	0.84	1.666666667	0.8	18	1.01188978787159
4	600	2	0.84	8	0.666666667	18	1.08288922395659
4	600	2	0.84	13.66666667	0.926829268	18	1.12985351539372
4	600	2	0.84	13.66666667	0.902439024	18	1.12837375155711
4	600	2	0.84	18.33333333	0.909090909	18	1.14520155655658
4	600	3	0.6	4	1	17	1.02158513319307
4	600	3	0.6	10.33333333	0.741935484	17	1.05572263287272
4	600	3	0.6	13.66666667	0.975609756	17	1.08575152790357
4	600	3	0.6	13.66666667	1	17	1.08711322241356
4	600	3	0.6	0	0	17	0
4	600	3	0.6	3	0.666666667	17	0.98654920602564
4	600	3	0.6	8	0	17	0
4	600	3	0.6	1.666666667	0.8	17	0.966670741710788
4	600	3	0.6	8	0.666666667	17	1.03652775608473
4	600	3	0.6	13.66666667	0.926829268	17	1.08292892199739
4	600	3	0.6	13.66666667	0.902439024	17	1.08146459849928
4	600	3	0.6	18.33333333	0.909090909	17	1.09812556622818
5	250	1	0.68	11.5	0	19	0
5	250	1	0.68	13.66666667	0.951219512	19	1.12596478168382
5	250	1	0.68	8.5	0.058823529	19	0.981915886126552
5	250	1	0.68	9	0.037037037	19	0.965771352981023
5	250	1	0.68	4.666666667	0.142857143	19	0.993593491239886
5	250	1	0.68	23	0.985507246	19	1.15333607379145
5	250	1	0.68	20	1	19	1.14709737970391
5	250	1	0.68	18.33333333	0.981818182	19	1.14188038822518
5	250	1	0.68	18.66666667	0	19	0
5	250	1	0.68	15.66666667	0	19	0
5	250	1	0.68	12.33333333	0	19	0
5	250	2	0.84	11.5	0	19	0
5	250	2	0.84	13.66666667	0.951219512	19	1.14411023564732
5	250	2	0.84	8.5	0.058823529	19	0.991449745309691
5	250	2	0.84	9	0.037037037	19	0.974176439138722
5	250	2	0.84	4.666666667	0.142857143	19	1.00392349720921
5	250	2	0.84	23	0.985507246	19	1.1728322844991
5	250	2	0.84	20	1	19	1.16629310469676
5	250	2	0.84	18.33333333	0.981818182	19	1.16082152478466
5	250	2	0.84	18.66666667	0	19	0
5	250	2	0.84	15.66666667	0	19	0
5	250	2	0.84	12.33333333	0	19	0
5	250	3	0.84375	11.5	0	21	0
5	250	3	0.84375	13.66666667	0.951219512	21	1.14285064700835
5	250	3	0.84375	8.5	0.058823529	21	1.00385617758366
5	250	3	0.84375	9	0.037037037	21	0.988023905144292
5	250	3	0.84375	4.666666667	0.142857143	21	1.01527532302695
5	250	3	0.84375	23	0.985507246	21	1.16882629130013
5	250	3	0.84375	20	1	21	1.16291702632682
5	250	3	0.84375	18.33333333	0.981818182	21	1.15797042798978
5	250	3	0.84375	18.66666667	0	21	0
5	250	3	0.84375	15.66666667	0	21	0
5	250	3	0.84375	12.33333333	0	21	0
5	600	1	0.84	24.66666667	0.947368421	18	1.2076680210146
5	600	1	0.84	29	1	18	1.21947197096813
5	600	1	0.84	27.66666667	0.915662651	18	1.21206356522201
5	600	1	0.84	20.66666667	0.032258065	18	1.03412679209492
5	600	1	0.84	0	0	18	0
5	600	1	0.84	24	0.986111111	18	1.20835703454391
5	600	1	0.84	30	0.966666667	18	1.21947197098711
5	600	1	0.84	23	0.927536232	18	1.20273351094331
5	600	1	0.84	42	0.015873016	18	1.03412679178198
5	600	1	0.84	20.33333333	0	18	0
5	600	1	0.84	12.33333333	0	18	0
5	600	1	0.84	27.66666667	0	18	0
5	600	2	0.56	24.66666667	0.947368421	16	1.12146662992435
5	600	2	0.56	29	1	16	1.13422284238739
5	600	2	0.56	27.66666667	0.915662651	16	1.12621726265111
5	600	2	0.56	20.66666667	0.032258065	16	0.933275831362013
5	600	2	0.56	0	0	16	0
5	600	2	0.56	24	0.986111111	16	1.12221134378897
5	600	2	0.56	30	0.966666667	16	1.1342228424079
5	600	2	0.56	23	0.927536232	16	1.11613277397238
5	600	2	0.56	42	0.015873016	16	0.933275831021437
5	600	2	0.56	20.33333333	0	16	0
5	600	2	0.56	12.33333333	0	16	0
5	600	2	0.56	27.66666667	0	16	0
5	600	3	0.8	24.66666667	0.947368421	17	1.18554461489341
5	600	3	0.8	29	1	17	1.19864080576582
5	600	3	0.8	27.66666667	0.915662651	17	1.19042320456564
5	600	3	0.8	20.66666667	0.032258065	17	0.990965450626061
5	600	3	0.8	0	0	17	0
5	600	3	0.8	24	0.986111111	17	1.18630949301314
5	600	3	0.8	30	0.966666667	17	1.19864080578686
5	600	3	0.8	23	0.927536232	17	1.18006518692225
5	600	3	0.8	42	0.015873016	17	0.990965450271555
5	600	3	0.8	20.33333333	0	17	0
5	600	3	0.8	12.33333333	0	17	0
5	600	3	0.8	27.66666667	0	17	0
6	250	1	0.88	9.666666667	0.931034483	17	1.1263922345994
6	250	1	0.88	11.33333333	0.911764706	17	1.13446403083433
6	250	1	0.88	2	1	17	1.04236240057647
6	250	1	0.88	4.666666667	0.928571429	17	1.08469291056742
6	250	1	0.88	0.333333333	1	17	0.950878202889903
6	250	1	0.88	0	0	17	0
6	250	1	0.88	16.66666667	0.98	17	1.16165690734698
6	250	1	0.88	24	0.708333333	17	1.16406573025671
6	250	1	0.88	27	1	17	1.192310576033
6	250	1	0.88	0	0.96875	17	0
6	250	1	0.88	4.666666667	0.642857143	17	1.06433707361904
6	250	1	0.88	2.666666667	1	17	1.05790332150543
6	250	2	0.88	9.666666667	0.931034483	17	1.13354680069418
6	250	2	0.88	11.33333333	0.911764706	17	1.14167942905665
6	250	2	0.88	2	1	17	1.04888574554339
6	250	2	0.88	4.666666667	0.928571429	17	1.09153373097087
6	250	2	0.88	0.333333333	1	17	0.956719942342865
6	250	2	0.88	0	0	17	0
6	250	2	0.88	16.66666667	0.98	17	1.16907745232213
6	250	2	0.88	24	0.708333333	17	1.17150446245391
6	250	2	0.88	27	1	17	1.19996272611898
6	250	2	0.88	0	0.96875	17	0
6	250	2	0.88	4.666666667	0.642857143	17	1.07102508669403
6	250	2	0.88	2.666666667	1	17	1.06454309044564
6	250	3	0.72	9.666666667	0.931034483	18	1.13984775896788
6	250	3	0.72	11.33333333	0.911764706	18	1.14660244615472
6	250	3	0.72	2	1	18	1.07037720016486
6	250	3	0.72	4.666666667	0.928571429	18	1.10517570139317
6	250	3	0.72	0.333333333	1	18	0.996573645561271
6	250	3	0.72	0	0	18	0
6	250	3	0.72	16.66666667	0.98	18	1.16945638686949
6	250	3	0.72	24	0.708333333	18	1.17148796350711
6	250	3	0.72	27	1	18	1.19539181082076
6	250	3	0.72	0	0.96875	18	0
6	250	3	0.72	4.666666667	0.642857143	18	1.08839068942379
6	250	3	0.72	2.666666667	1	18	1.08310518987534
6	600	1	0.72	7.333333333	1	17	1.05081877627051
6	600	1	0.72	5.666666667	1	17	1.03623702688058
6	600	1	0.72	15.33333333	0.956521739	17	1.09105988369836
6	600	1	0.72	12	0.888888889	17	1.07238145114755
6	600	1	0.72	0.666666667	1	17	0.922849239268854
6	600	1	0.72	0.666666667	1	17	0.922849239268854
6	600	1	0.72	0.333333333	1	17	0.888887384013689
6	600	1	0.72	0.333333333	1	17	0.888887384013689
6	600	1	0.72	10.33333333	0.903225806	17	1.06464609789236
6	600	1	0.72	22.66666667	1	17	1.11712746738392
6	600	1	0.72	17	0.941176471	17	1.09622052033001
6	600	1	0.72	24.66666667	0.972972973	17	1.12059676921797
6	600	2	0.6	7.333333333	1	17	1.10888312081441
6	600	2	0.6	5.666666667	1	17	1.09564555302996
6	600	2	0.6	15.33333333	0.956521739	17	1.14563966381932
6	600	2	0.6	12	0.888888889	17	1.12853800592144
6	600	2	0.6	0.666666667	1	17	0.994216940736601
6	600	2	0.6	0.666666667	1	17	0.994216940736601
6	600	2	0.6	0.333333333	1	17	0.964340390983447
6	600	2	0.6	0.333333333	1	17	0.964340390983447
6	600	2	0.6	10.33333333	0.903225806	17	1.12147616592624
6	600	2	0.6	22.66666667	1	17	1.16962145564999
6	600	2	0.6	17	0.941176471	17	1.15037686581066
6	600	2	0.6	24.66666667	0.972972973	17	1.17282302882225
6	600	3	0.72	7.333333333	1	16	1.12598467276262
6	600	3	0.72	5.666666667	1	16	1.11184932883576
6	600	3	0.72	15.33333333	0.956521739	16	1.1652272974118
6	600	3	0.72	12	0.888888889	16	1.14696990449105
6	600	3	0.72	0.666666667	1	16	1.00346591594417
6	600	3	0.72	0.666666667	1	16	1.00346591594417
6	600	3	0.72	0.333333333	1	16	0.971511611352962
6	600	3	0.72	0.333333333	1	16	0.971511611352962
6	600	3	0.72	10.33333333	0.903225806	16	1.13943039111661
6	600	3	0.72	22.66666667	1	16	1.19082856888578
6	600	3	0.72	17	0.941176471	16	1.17028445856097
6	600	3	0.72	24.66666667	0.972972973	16	1.19424634188979
