Generation	Treatment	Rep	lambda	surv	epr	hf	sex	dev.time
0	1	1	1.089812773	0.6	22	0.98	0.473214286	20
0	1	1	1.106401062	0.6	32	0.95	0.473214286	20
0	1	1	1.07910801	0.6	21	0.82	0.473214286	20
0	1	1	1.074679994	0.6	16	0.98	0.473214286	20
0	1	1	1.066451996	0.6	14	0.94	0.473214286	20
0	1	1	1.090299007	0.6	22	0.99	0.473214286	20
0	1	1	1.097348765	0.6	26	0.97	0.473214286	20
0	1	1	1.101108189	0.6	29	0.94	0.473214286	20
0	1	1	1.08501573	0.6	25	0.78	0.473214286	20
0	1	1	1.094455739	0.6	25	0.95	0.473214286	20
0	1	1	1.100428672	0.6	28	0.96	0.473214286	20
0	1	1	1.075633194	0.6	16	1	0.473214286	20
0	1	1	1.107575927	0.56	22	0.98	0.473214286	19
0	1	1	1.123343708	0.56	32	0.95	0.473214286	19
0	1	1	1.097444034	0.56	21	0.82	0.473214286	19
0	1	1	1.093263	0.56	16	0.98	0.473214286	19
0	1	1	1.08550956	0.56	14	0.94	0.473214286	19
0	1	1	1.108036951	0.56	22	0.99	0.473214286	19
0	1	1	1.114729082	0.56	26	0.97	0.473214286	19
0	1	1	1.118303809	0.56	29	0.94	0.473214286	19
0	1	1	1.103031371	0.56	25	0.78	0.473214286	19
0	1	1	1.111981034	0.56	25	0.95	0.473214286	19
0	1	1	1.117657367	0.56	28	0.96	0.473214286	19
0	1	1	1.094162537	0.56	16	1	0.473214286	19
0	1	1	1.144330592	0.64	22	0.98	0.473214286	20
0	1	1	1.161868716	0.64	32	0.95	0.473214286	20
0	1	1	1.1330138	0.64	21	0.82	0.473214286	20
0	1	1	1.128332837	0.64	16	0.98	0.473214286	20
0	1	1	1.119635171	0.64	14	0.94	0.473214286	20
0	1	1	1.144844643	0.64	22	0.99	0.473214286	20
0	1	1	1.152297881	0.64	26	0.97	0.473214286	20
0	1	1	1.156272593	0.64	29	0.94	0.473214286	20
0	1	1	1.139259194	0.64	25	0.78	0.473214286	20
0	1	1	1.149239241	0.64	25	0.95	0.473214286	20
0	1	1	1.155554156	0.64	28	0.96	0.473214286	20
0	1	1	1.129340477	0.64	16	1	0.473214286	20
0	1	2	1.056489937	0.48	24	0.93	0.34248366	19
0	1	2	1.064597687	0.48	27	0.98	0.34248366	19
0	1	2	1.03210855	0.48	17	0.78	0.34248366	19
0	1	2	1.024666858	0.48	12	0.94	0.34248366	19
0	1	2	1.071721914	0.48	31	0.99	0.34248366	19
0	1	2	0	0.48	22	0	0.34248366	19
0	1	2	1.055805063	0.48	22	1	0.34248366	19
0	1	2	1.048407735	0.48	19	0.99	0.34248366	19
0	1	2	1.06311096	0.48	27	0.95	0.34248366	19
0	1	2	1.061309408	0.48	26	0.95	0.34248366	19
0	1	2	1.06279328	0.48	26	0.98	0.34248366	19
0	1	2	1.063278335	0.48	26	0.99	0.34248366	19
0	1	2	1.15026752	0.68	24	0.93	0.34248366	18
0	1	2	1.160051616	0.68	27	0.98	0.34248366	18
0	1	2	1.120863668	0.68	17	0.78	0.34248366	18
0	1	2	1.111894825	0.68	12	0.94	0.34248366	18
0	1	2	1.168651277	0.68	31	0.99	0.34248366	18
0	1	2	0	0.68	22	0	0.34248366	18
0	1	2	1.149441179	0.68	22	1	0.34248366	18
0	1	2	1.140517271	0.68	19	0.99	0.34248366	18
0	1	2	1.158257272	0.68	27	0.95	0.34248366	18
0	1	2	1.156083097	0.68	26	0.95	0.34248366	18
0	1	2	1.157873874	0.68	26	0.98	0.34248366	18
0	1	2	1.158459273	0.68	26	0.99	0.34248366	18
0	1	2	1.122211875	0.56	24	0.93	0.34248366	20
0	1	2	1.130679785	0.56	27	0.98	0.34248366	20
0	1	2	1.096721211	0.56	17	0.78	0.34248366	20
0	1	2	1.088933106	0.56	12	0.94	0.34248366	20
0	1	2	1.138116895	0.56	31	0.99	0.34248366	20
0	1	2	0	0.56	22	0	0.34248366	20
0	1	2	1.121496378	0.56	22	1	0.34248366	20
0	1	2	1.113766319	0.56	19	0.99	0.34248366	20
0	1	2	1.12912734	0.56	27	0.95	0.34248366	20
0	1	2	1.127245959	0.56	26	0.95	0.34248366	20
0	1	2	1.128795599	0.56	26	0.98	0.34248366	20
0	1	2	1.129302122	0.56	26	0.99	0.34248366	20
0	1	3	1.154202478	0.8	22	1	0.477777778	19
0	1	3	1.167856039	0.8	29	0.97	0.477777778	19
0	1	3	1.157234017	0.8	28	0.83	0.477777778	19
0	1	3	1.164440816	0.8	27	0.98	0.477777778	19
0	1	3	1.158459771	0.8	24	0.99	0.477777778	19
0	1	3	1.151636936	0.8	21	1	0.477777778	19
0	1	3	1.177930734	0.8	34	0.99	0.477777778	19
0	1	3	1.159016925	0.8	30	0.8	0.477777778	19
0	1	3	1.172569412	0.8	34	0.9	0.477777778	19
0	1	3	1.159591689	0.8	25	0.97	0.477777778	19
0	1	3	1.167856039	0.8	29	0.97	0.477777778	19
0	1	3	1.120693168	0.8	22	0.54	0.477777778	19
0	1	3	1.159270379	0.8	22	1	0.477777778	19
0	1	3	1.173038135	0.8	29	0.97	0.477777778	19
0	1	3	1.162327211	0.8	28	0.83	0.477777778	19
0	1	3	1.16959428	0.8	27	0.98	0.477777778	19
0	1	3	1.163563201	0.8	24	0.99	0.477777778	19
0	1	3	1.156683461	0.8	21	1	0.477777778	19
0	1	3	1.183197553	0.8	34	0.99	0.477777778	19
0	1	3	1.16412501	0.8	30	0.8	0.477777778	19
0	1	3	1.177791096	0.8	34	0.9	0.477777778	19
0	1	3	1.164704578	0.8	25	0.97	0.477777778	19
0	1	3	1.173038135	0.8	29	0.97	0.477777778	19
0	1	3	1.125483951	0.8	22	0.54	0.477777778	19
0	1	3	1.095809299	0.6	22	1	0.477777778	19
0	1	3	1.108750707	0.6	29	0.97	0.477777778	19
0	1	3	1.098682738	0.6	28	0.83	0.477777778	19
0	1	3	1.10551364	0.6	27	0.98	0.477777778	19
0	1	3	1.099844562	0.6	24	0.99	0.477777778	19
0	1	3	1.093377547	0.6	21	1	0.477777778	19
0	1	3	1.118299769	0.6	34	0.99	0.477777778	19
0	1	3	1.100372658	0.6	30	0.8	0.477777778	19
0	1	3	1.113218182	0.6	34	0.9	0.477777778	19
0	1	3	1.100917444	0.6	25	0.97	0.477777778	19
0	1	3	1.108750707	0.6	29	0.97	0.477777778	19
0	1	3	1.064046775	0.6	22	0.54	0.477777778	19
0	2	1	1.119763896	0.32	24	0.95	0.55	18
0	2	1	1.110231906	0.32	19	1	0.55	18
0	2	1	1.119161455	0.32	23	0.98	0.55	18
0	2	1	1.045910995	0.32	16	0.33	0.55	18
0	2	1	1.137742596	0.32	32	1	0.55	18
0	2	1	1.130866355	0.32	29	0.97	0.55	18
0	2	1	1.134293622	0.32	30	1	0.55	18
0	2	1	1.134293622	0.32	30	1	0.55	18
0	2	1	1.118623028	0.32	23	0.97	0.55	18
0	2	1	1.124616335	0.32	25	1	0.55	18
0	2	1	1.127618536	0.32	27	0.98	0.55	18
0	2	1	1.069883685	0.32	20	0.43	0.55	18
0	2	1	1.122306224	0.64	24	0.95	0.55	19
0	2	1	1.113378399	0.64	19	1	0.55	19
0	2	1	1.121742035	0.64	23	0.98	0.55	19
0	2	1	1.053071314	0.64	16	0.33	0.55	19
0	2	1	1.139139227	0.64	32	1	0.55	19
0	2	1	1.132702114	0.64	29	0.97	0.55	19
0	2	1	1.135910654	0.64	30	1	0.55	19
0	2	1	1.135910654	0.64	30	1	0.55	19
0	2	1	1.121237787	0.64	23	0.97	0.55	19
0	2	1	1.126850225	0.64	25	1	0.55	19
0	2	1	1.129661304	0.64	27	0.98	0.55	19
0	2	1	1.075561358	0.64	20	0.43	0.55	19
0	2	1	1.076600193	0.48	24	0.95	0.55	19
0	2	1	1.067249393	0.48	19	1	0.55	19
0	2	1	1.076009491	0.48	23	0.98	0.55	19
0	2	1	1.003893717	0.48	16	0.33	0.55	19
0	2	1	1.094210822	0.48	32	1	0.55	19
0	2	1	1.087479399	0.48	29	0.97	0.55	19
0	2	1	1.090835109	0.48	30	1	0.55	19
0	2	1	1.090835109	0.48	30	1	0.55	19
0	2	1	1.075481522	0.48	23	0.97	0.55	19
0	2	1	1.081356667	0.48	25	1	0.55	19
0	2	1	1.084298243	0.48	27	0.98	0.55	19
0	2	1	1.027559508	0.48	20	0.43	0.55	19
0	2	2	1.252568199	0.96	31	0.92	0.605664488	17
0	2	2	1.237476156	0.96	25	0.9	0.605664488	17
0	2	2	1.244158179	0.96	25	1	0.605664488	17
0	2	2	1.257276841	0.96	31	0.99	0.605664488	17
0	2	2	1.256623797	0.96	31	0.98	0.605664488	17
0	2	2	0	0.96	0	0	0.605664488	17
0	2	2	1.248779544	0.96	28	0.96	0.605664488	17
0	2	2	1.244056329	0.96	26	0.96	0.605664488	17
0	2	2	1.232488999	0.96	21	0.99	0.605664488	17
0	2	2	1.21799544	0.96	17	0.97	0.605664488	17
0	2	2	1.241564547	0.96	24	1	0.605664488	17
0	2	2	1.24466513	0.96	40	0.63	0.605664488	17
0	2	2	1.15423299	0.72	31	0.92	0.605664488	20
0	2	2	1.142253892	0.72	25	0.9	0.605664488	20
0	2	2	1.147560532	0.72	25	1	0.605664488	20
0	2	2	1.157965653	0.72	31	0.99	0.605664488	20
0	2	2	1.157448103	0.72	31	0.98	0.605664488	20
0	2	2	0	0.72	0	0	0.605664488	20
0	2	2	1.151227988	0.72	28	0.96	0.605664488	20
0	2	2	1.147479681	0.72	26	0.96	0.605664488	20
0	2	2	1.138290259	0.72	21	0.99	0.605664488	20
0	2	2	1.126756562	0.72	17	0.97	0.605664488	20
0	2	2	1.145501301	0.72	24	1	0.605664488	20
0	2	2	1.147962949	0.72	40	0.63	0.605664488	20
0	2	2	1.218620279	0.72	31	0.92	0.605664488	19
0	2	2	1.205268838	0.72	25	0.9	0.605664488	19
0	2	2	1.211181944	0.72	25	1	0.605664488	19
0	2	2	1.222782984	0.72	31	0.99	0.605664488	19
0	2	2	1.222205738	0.72	31	0.98	0.605664488	19
0	2	2	0	0.72	0	0	0.605664488	19
0	2	2	1.215269902	0.72	28	0.96	0.605664488	19
0	2	2	1.211091835	0.72	26	0.96	0.605664488	19
0	2	2	1.200853764	0.72	21	0.99	0.605664488	19
0	2	2	1.188014006	0.72	17	0.97	0.605664488	19
0	2	2	1.208887096	0.72	24	1	0.605664488	19
0	2	2	1.211630446	0.72	40	0.63	0.605664488	19
0	2	3	1.026024697	0.36	18	0.99	0.407407407	19
0	2	3	1.018781041	0.36	16	0.94	0.407407407	19
0	2	3	1.009242798	0.36	12	1	0.407407407	19
0	2	3	1.018667849	0.36	15	1	0.407407407	19
0	2	3	1.03133721	0.36	21	0.96	0.407407407	19
0	2	3	1.044063122	0.36	27	1	0.407407407	19
0	2	3	1.012772036	0.36	15	0.87	0.407407407	19
0	2	3	1.044063122	0.36	27	1	0.407407407	19
0	2	3	1.036615295	0.36	23	0.99	0.407407407	19
0	2	3	1.024005922	0.36	17	1	0.407407407	19
0	2	3	1.021415698	0.36	16	1	0.407407407	19
0	2	3	1.029745284	0.36	29	0.67	0.407407407	19
0	2	3	0.959606674	0.24	18	0.99	0.407407407	20
0	2	3	0.952583606	0.24	16	0.94	0.407407407	20
0	2	3	0.943320004	0.24	12	1	0.407407407	20
0	2	3	0.952473779	0.24	15	1	0.407407407	20
0	2	3	0.964750846	0.24	21	0.96	0.407407407	20
0	2	3	0.977051066	0.24	27	1	0.407407407	20
0	2	3	0.946749725	0.24	15	0.87	0.407407407	20
0	2	3	0.977051066	0.24	27	1	0.407407407	20
0	2	3	0.969856206	0.24	23	0.99	0.407407407	20
0	2	3	0.957650416	0.24	17	1	0.407407407	20
0	2	3	0.955139228	0.24	16	1	0.407407407	20
0	2	3	0.963209946	0.24	29	0.67	0.407407407	20
0	2	3	1.027718122	0.36	18	0.99	0.407407407	19
0	2	3	1.019372775	0.36	16	0.94	0.407407407	19
0	2	3	1.008370775	0.36	12	1	0.407407407	19
0	2	3	1.0192423	0.36	15	1	0.407407407	19
0	2	3	1.033833151	0.36	21	0.96	0.407407407	19
0	2	3	1.04846262	0.36	27	1	0.407407407	19
0	2	3	1.012443347	0.36	15	0.87	0.407407407	19
0	2	3	1.04846262	0.36	27	1	0.407407407	19
0	2	3	1.039903964	0.36	23	0.99	0.407407407	19
0	2	3	1.025393174	0.36	17	1	0.407407407	19
0	2	3	1.022409132	0.36	16	1	0.407407407	19
0	2	3	1.032001232	0.36	29	0.67	0.407407407	19
0	3	1	1.127777315	0.68	22	0.98	0.527406417	17
0	3	1	0	0.68	0	0	0.527406417	17
0	3	1	0	0.68	0	0	0.527406417	17
0	3	1	1.091879463	0.68	13	0.9	0.527406417	17
0	3	1	1.10632652	0.68	15	1	0.527406417	17
0	3	1	1.11192077	0.68	22	0.75	0.527406417	17
0	3	1	1.113401	0.68	18	0.94	0.527406417	17
0	3	1	0	0.68	17	0	0.527406417	17
0	3	1	1.120876337	0.68	20	0.96	0.527406417	17
0	3	1	0	0.68	12	0	0.527406417	17
0	3	1	0.962857809	0.68	3	0.36	0.527406417	17
0	3	1	1.134198598	0.68	24	1	0.527406417	17
0	3	1	1.024995886	0.44	22	0.98	0.527406417	18
0	3	1	0	0.44	0	0	0.527406417	18
0	3	1	0	0.44	0	0	0.527406417	18
0	3	1	0.994754514	0.44	13	0.9	0.527406417	18
0	3	1	1.006931133	0.44	15	1	0.527406417	18
0	3	1	1.011644025	0.44	22	0.75	0.527406417	18
0	3	1	1.012890848	0.44	18	0.94	0.527406417	18
0	3	1	0	0.44	17	0	0.527406417	18
0	3	1	1.01918616	0.44	20	0.96	0.527406417	18
0	3	1	0	0.44	12	0	0.527406417	18
0	3	1	0.885620691	0.44	3	0.36	0.527406417	18
0	3	1	1.030400155	0.44	24	1	0.527406417	18
0	3	1	1.108380201	0.32	22	0.98	0.527406417	17
0	3	1	0	0.32	0	0	0.527406417	17
0	3	1	0	0.32	0	0	0.527406417	17
0	3	1	1.072758336	0.32	13	0.9	0.527406417	17
0	3	1	1.087093339	0.32	15	1	0.527406417	17
0	3	1	1.092644559	0.32	22	0.75	0.527406417	17
0	3	1	1.094113437	0.32	18	0.94	0.527406417	17
0	3	1	0	0.32	17	0	0.527406417	17
0	3	1	1.101531651	0.32	20	0.96	0.527406417	17
0	3	1	0	0.32	12	0	0.527406417	17
0	3	1	0.94480418	0.32	3	0.36	0.527406417	17
0	3	1	1.114752961	0.32	24	1	0.527406417	17
0	3	2	0	0.56	0	0	0.617460318	17
0	3	2	0.960230145	0.56	11	0.29	0.617460318	17
0	3	2	0.931730541	0.56	3	0.6	0.617460318	17
0	3	2	0	0.56	0	0	0.617460318	17
0	3	2	0	0.56	0	0	0.617460318	17
0	3	2	0.999628635	0.56	9	0.76	0.617460318	17
0	3	2	1.027655318	0.56	15	0.77	0.617460318	17
0	3	2	1.051592659	0.56	19	0.94	0.617460318	17
0	3	2	0.947177861	0.56	3	0.82	0.617460318	17
0	3	2	0	0.56	0	0	0.617460318	17
0	3	2	0	0.56	0	0	0.617460318	17
0	3	2	1.023364088	0.56	11	0.97	0.617460318	17
0	3	2	0	0.6	0	0	0.617460318	17
0	3	2	0.97481271	0.6	11	0.29	0.617460318	17
0	3	2	0.945868944	0.6	3	0.6	0.617460318	17
0	3	2	0	0.6	0	0	0.617460318	17
0	3	2	0	0.6	0	0	0.617460318	17
0	3	2	1.014826878	0.6	9	0.76	0.617460318	17
0	3	2	1.043292677	0.6	15	0.77	0.617460318	17
0	3	2	1.0676058	0.6	19	0.94	0.617460318	17
0	3	2	0.961556882	0.6	3	0.82	0.617460318	17
0	3	2	0	0.6	0	0	0.617460318	17
0	3	2	0	0.6	0	0	0.617460318	17
0	3	2	1.038934152	0.6	11	0.97	0.617460318	17
0	3	2	0	0.4	0	0	0.617460318	17
0	3	2	1.005998431	0.4	11	0.29	0.617460318	17
0	3	2	0.975950801	0.4	3	0.6	0.617460318	17
0	3	2	0	0.4	0	0	0.617460318	17
0	3	2	0	0.4	0	0	0.617460318	17
0	3	2	1.047546285	0.4	9	0.76	0.617460318	17
0	3	2	1.077108118	0.4	15	0.77	0.617460318	17
0	3	2	1.102360427	0.4	19	0.94	0.617460318	17
0	3	2	0.992236451	0.4	3	0.82	0.617460318	17
0	3	2	0	0.4	0	0	0.617460318	17
0	3	2	0	0.4	0	0	0.617460318	17
0	3	2	1.072581519	0.4	11	0.97	0.617460318	17
0	3	3	0	0.4	1	0	0.603896104	17
0	3	3	1.005922721	0.4	33	0.66	0.603896104	17
0	3	3	0.977770209	0.4	13	0.98	0.603896104	17
0	3	3	0.989696157	0.4	18	0.89	0.603896104	17
0	3	3	0.965120981	0.4	12	0.83	0.603896104	17
0	3	3	0	0.4	0	0	0.603896104	17
0	3	3	0.965580214	0.4	15	0.67	0.603896104	17
0	3	3	0	0.4	0	0	0.603896104	17
0	3	3	0.824262887	0.4	1	0.5	0.603896104	17
0	3	3	0	0.4	0	0	0.603896104	17
0	3	3	0	0.4	11	0	0.603896104	17
0	3	3	0.854880801	0.4	4	0.25	0.603896104	17
0	3	3	0	0.44	1	0	0.603896104	18
0	3	3	1.115131889	0.44	33	0.66	0.603896104	18
0	3	3	1.087397222	0.44	13	0.98	0.603896104	18
0	3	3	1.099144227	0.44	18	0.89	0.603896104	18
0	3	3	1.074940845	0.44	12	0.83	0.603896104	18
0	3	3	0	0.44	0	0	0.603896104	18
0	3	3	1.075393022	0.44	15	0.67	0.603896104	18
0	3	3	0	0.44	0	0	0.603896104	18
0	3	3	0.93639948	0.44	1	0.5	0.603896104	18
0	3	3	0	0.44	0	0	0.603896104	18
0	3	3	0	0.44	11	0	0.603896104	18
0	3	3	0.966495308	0.44	4	0.25	0.603896104	18
0	3	3	0	0.28	1	0	0.603896104	17
0	3	3	1.064288829	0.28	33	0.66	0.603896104	17
0	3	3	1.035764393	0.28	13	0.98	0.603896104	17
0	3	3	1.047845567	0.28	18	0.89	0.603896104	17
0	3	3	1.022954191	0.28	12	0.83	0.603896104	17
0	3	3	0	0.28	0	0	0.603896104	17
0	3	3	1.023419203	0.28	15	0.67	0.603896104	17
0	3	3	0	0.28	0	0	0.603896104	17
0	3	3	0.880525679	0.28	1	0.5	0.603896104	17
0	3	3	0	0.28	0	0	0.603896104	17
0	3	3	0	0.28	11	0	0.603896104	17
0	3	3	0.911455279	0.28	4	0.25	0.603896104	17
0	4	1	0.902595497	0.12	20	0.95	0.577777778	17
0	4	1	0.907459735	0.12	23	0.91	0.577777778	17
0	4	1	0	0.12	0	0	0.577777778	17
0	4	1	0.88719983	0.12	17	0.82	0.577777778	17
0	4	1	0	0.12	0	0	0.577777778	17
0	4	1	0	0.12	0	0	0.577777778	17
0	4	1	0	0.12	0	0	0.577777778	17
0	4	1	0.905171226	0.12	20	1	0.577777778	17
0	4	1	0.913875867	0.12	24	0.99	0.577777778	17
0	4	1	0.881131606	0.12	14	0.88	0.577777778	17
0	4	1	0.912840278	0.12	24	0.97	0.577777778	17
0	4	1	0.8864161	0.12	14	0.98	0.577777778	17
0	4	1	1.003624166	0.333333333	20	0.95	0.577777778	17
0	4	1	1.009032864	0.333333333	23	0.91	0.577777778	17
0	4	1	0	0.333333333	0	0	0.577777778	17
0	4	1	0.986505242	0.333333333	17	0.82	0.577777778	17
0	4	1	0	0.333333333	0	0	0.577777778	17
0	4	1	0	0.333333333	0	0	0.577777778	17
0	4	1	0	0.333333333	0	0	0.577777778	17
0	4	1	1.0064882	0.333333333	20	1	0.577777778	17
0	4	1	1.016167162	0.333333333	24	0.99	0.577777778	17
0	4	1	0.979757794	0.333333333	14	0.88	0.577777778	17
0	4	1	1.015015658	0.333333333	24	0.97	0.577777778	17
0	4	1	0.985633788	0.333333333	14	0.98	0.577777778	17
0	4	1	0.798668769	0.12	20	0.95	0.577777778	17
0	4	1	0.802972929	0.12	23	0.91	0.577777778	17
0	4	1	0	0.12	0	0	0.577777778	17
0	4	1	0.785045791	0.12	17	0.82	0.577777778	17
0	4	1	0	0.12	0	0	0.577777778	17
0	4	1	0	0.12	0	0	0.577777778	17
0	4	1	0	0.12	0	0	0.577777778	17
0	4	1	0.800947923	0.12	20	1	0.577777778	17
0	4	1	0.808650294	0.12	24	0.99	0.577777778	17
0	4	1	0.779676275	0.12	14	0.88	0.577777778	17
0	4	1	0.807733944	0.12	24	0.97	0.577777778	17
0	4	1	0.784352301	0.12	14	0.98	0.577777778	17
0	4	2	0.806692057	0.08	13	0.96	0.833333333	17
0	4	2	0.795476991	0.08	10	0.97	0.833333333	17
0	4	2	0.778640858	0.08	12	0.55	0.833333333	17
0	4	2	0.82042176	0.08	19	0.89	0.833333333	17
0	4	2	0.810948565	0.08	14	0.98	0.833333333	17
0	4	2	0.809209696	0.08	15	0.88	0.833333333	17
0	4	2	0	0.08	0	0	0.833333333	17
0	4	2	0.810948565	0.08	14	0.98	0.833333333	17
0	4	2	0.796824219	0.08	10	1	0.833333333	17
0	4	2	0.792173742	0.08	20	0.45	0.833333333	17
0	4	2	0.821881922	0.08	18	0.97	0.833333333	17
0	4	2	0.798775144	0.08	11	0.95	0.833333333	17
0	4	2	0.773154789	0.04	13	0.96	0.833333333	28
0	4	2	0.766465407	0.04	10	0.97	0.833333333	28
0	4	2	0.756355698	0.04	12	0.55	0.833333333	28
0	4	2	0.781296227	0.04	19	0.89	0.833333333	28
0	4	2	0.775684395	0.04	14	0.98	0.833333333	28
0	4	2	0.77465161	0.04	15	0.88	0.833333333	28
0	4	2	0	0.04	0	0	0.833333333	28
0	4	2	0.775684395	0.04	14	0.98	0.833333333	28
0	4	2	0.767270862	0.04	10	1	0.833333333	28
0	4	2	0.764488332	0.04	20	0.45	0.833333333	28
0	4	2	0.782159022	0.04	18	0.97	0.833333333	28
0	4	2	0.768436328	0.04	11	0.95	0.833333333	28
0	4	2	0.772441009	0.12	13	0.96	0.833333333	17
0	4	2	0.76170212	0.12	10	0.97	0.833333333	17
0	4	2	0.745580826	0.12	12	0.55	0.833333333	17
0	4	2	0.785587768	0.12	19	0.89	0.833333333	17
0	4	2	0.776516792	0.12	14	0.98	0.833333333	17
0	4	2	0.774851752	0.12	15	0.88	0.833333333	17
0	4	2	0	0.12	0	0	0.833333333	17
0	4	2	0.776516792	0.12	14	0.98	0.833333333	17
0	4	2	0.762992147	0.12	10	1	0.833333333	17
0	4	2	0.758539123	0.12	20	0.45	0.833333333	17
0	4	2	0.786985934	0.12	18	0.97	0.833333333	17
0	4	2	0.764860237	0.12	11	0.95	0.833333333	17
0	4	3	0.870015491	0.12	18	0.96	0.327777778	17
0	4	3	0.868969945	0.12	19	0.89	0.327777778	17
0	4	3	0.863203035	0.12	15	1	0.327777778	17
0	4	3	0.868424618	0.12	19	0.88	0.327777778	17
0	4	3	0.878503999	0.12	21	0.98	0.327777778	17
0	4	3	0.855407113	0.12	13	0.98	0.327777778	17
0	4	3	0.792068837	0.12	11	0.29	0.327777778	17
0	4	3	0.873815042	0.12	21	0.89	0.327777778	17
0	4	3	0	0.12	0	0	0.327777778	17
0	4	3	0	0.12	0	0	0.327777778	17
0	4	3	0.857453856	0.12	14	0.95	0.327777778	17
0	4	3	0.874613995	0.12	19	1	0.327777778	17
0	4	3	0.927846825	0.16	18	0.96	0.327777778	18
0	4	3	0.926818499	0.16	19	0.89	0.327777778	18
0	4	3	0.921145096	0.16	15	1	0.327777778	18
0	4	3	0.926282121	0.16	19	0.88	0.327777778	18
0	4	3	0.936192523	0.16	21	0.98	0.327777778	18
0	4	3	0.913471591	0.16	13	0.98	0.327777778	18
0	4	3	0.850951401	0.16	11	0.29	0.327777778	18
0	4	3	0.931583114	0.16	21	0.89	0.327777778	18
0	4	3	0	0.16	0	0	0.327777778	18
0	4	3	0	0.16	0	0	0.327777778	18
0	4	3	0.915486641	0.16	14	0.95	0.327777778	18
0	4	3	0.932368628	0.16	19	1	0.327777778	18
0	4	3	0.972385587	0.4	18	0.96	0.327777778	17
0	4	3	0.971279594	0.4	19	0.89	0.327777778	17
0	4	3	0.965178785	0.4	15	1	0.327777778	17
0	4	3	0.970702728	0.4	19	0.88	0.327777778	17
0	4	3	0.981363854	0.4	21	0.98	0.327777778	17
0	4	3	0.956930142	0.4	13	0.98	0.327777778	17
0	4	3	0.88985164	0.4	11	0.29	0.327777778	17
0	4	3	0.976404578	0.4	21	0.89	0.327777778	17
0	4	3	0	0.4	0	0	0.327777778	17
0	4	3	0	0.4	0	0	0.327777778	17
0	4	3	0.959095894	0.4	14	0.95	0.327777778	17
0	4	3	0.977249628	0.4	19	1	0.327777778	17
2	1	1	1.15042676	0.48	25	0.96	0.484848485	24
2	1	1	1.105464014	0.48	9	0.89	0.484848485	24
2	1	1	1.165131115	0.48	34	1	0.484848485	24
2	1	1	1.153657529	0.48	27	0.96	0.484848485	24
2	1	1	1.15378711	0.48	26	1	0.484848485	24
2	1	1	1.15753649	0.48	29	0.98	0.484848485	24
2	1	1	1.15409334	0.48	27	0.97	0.484848485	24
2	1	1	1.146938083	0.48	24	0.92	0.484848485	24
2	1	1	1.146366861	0.48	22	0.99	0.484848485	24
2	1	1	1.153364564	0.48	26	0.99	0.484848485	24
2	1	1	1.142814071	0.48	20	1	0.484848485	24
2	1	1	1.153364564	0.48	26	0.99	0.484848485	24
2	1	1	1.055178902	0.4	25	0.96	0.484848485	23
2	1	1	1.009714495	0.4	9	0.89	0.484848485	23
2	1	1	1.070045008	0.4	34	1	0.484848485	23
2	1	1	1.058445319	0.4	27	0.96	0.484848485	23
2	1	1	1.058576329	0.4	26	1	0.484848485	23
2	1	1	1.062367001	0.4	29	0.98	0.484848485	23
2	1	1	1.058885934	0.4	27	0.97	0.484848485	23
2	1	1	1.051651665	0.4	24	0.92	0.484848485	23
2	1	1	1.051074122	0.4	22	0.99	0.484848485	23
2	1	1	1.058149124	0.4	26	0.99	0.484848485	23
2	1	1	1.047481982	0.4	20	1	0.484848485	23
2	1	1	1.058149124	0.4	26	0.99	0.484848485	23
2	1	1	1.11538666	0.44	25	0.96	0.484848485	22
2	1	1	1.06841957	0.44	9	0.89	0.484848485	22
2	1	1	1.130787111	0.44	34	1	0.484848485	22
2	1	1	1.118768678	0.44	27	0.96	0.484848485	22
2	1	1	1.118904345	0.44	26	1	0.484848485	22
2	1	1	1.122830496	0.44	29	0.98	0.484848485	22
2	1	1	1.119224965	0.44	27	0.97	0.484848485	22
2	1	1	1.111735738	0.44	24	0.92	0.484848485	22
2	1	1	1.111138057	0.44	22	0.99	0.484848485	22
2	1	1	1.118461959	0.44	26	0.99	0.484848485	22
2	1	1	1.107421378	0.44	20	1	0.484848485	22
2	1	1	1.118461959	0.44	26	0.99	0.484848485	22
2	1	2	1.113441884	0.88	10	1	0.506993007	22
2	1	2	1.09031684	0.88	6	1	0.506993007	22
2	1	2	0	0.88	13	0	0.506993007	22
2	1	2	1.112048648	0.88	10	0.97	0.506993007	22
2	1	2	1.004421687	0.88	3	0.27	0.506993007	22
2	1	2	1.129777425	0.88	15	0.95	0.506993007	22
2	1	2	1.09031684	0.88	6	1	0.506993007	22
2	1	2	0	0.88	4	0	0.506993007	22
2	1	2	1.107606928	0.88	10	0.88	0.506993007	22
2	1	2	1.095869632	0.88	7	0.97	0.506993007	22
2	1	2	1.108630369	0.88	9	1	0.506993007	22
2	1	2	1.07232104	0.88	4	1	0.506993007	22
2	1	2	1.053693151	0.44	10	1	0.506993007	25
2	1	2	1.034636332	0.44	6	1	0.506993007	25
2	1	2	0	0.44	13	0	0.506993007	25
2	1	2	1.052546015	0.44	10	0.97	0.506993007	25
2	1	2	0.963530654	0.44	3	0.27	0.506993007	25
2	1	2	1.067133767	0.44	15	0.95	0.506993007	25
2	1	2	1.034636332	0.44	6	1	0.506993007	25
2	1	2	0	0.44	4	0	0.506993007	25
2	1	2	1.048888029	0.44	10	0.88	0.506993007	25
2	1	2	1.039215496	0.44	7	0.97	0.506993007	25
2	1	2	1.049731001	0.44	9	1	0.506993007	25
2	1	2	1.019781658	0.44	4	1	0.506993007	25
2	1	2	1.022941088	0.52	10	1	0.506993007	21
2	1	2	1.000464744	0.52	6	1	0.506993007	21
2	1	2	0	0.52	13	0	0.506993007	21
2	1	2	1.021586426	0.52	10	0.97	0.506993007	21
2	1	2	0.917143447	0.52	3	0.27	0.506993007	21
2	1	2	1.038829133	0.52	15	0.95	0.506993007	21
2	1	2	1.000464744	0.52	6	1	0.506993007	21
2	1	2	0	0.52	4	0	0.506993007	21
2	1	2	1.017268117	0.52	10	0.88	0.506993007	21
2	1	2	1.005860121	0.52	7	0.97	0.506993007	21
2	1	2	1.018263064	0.52	9	1	0.506993007	21
2	1	2	0.982986377	0.52	4	1	0.506993007	21
2	1	3	1.204109256	0.971428571	30	0.94	0.37124183	20
2	1	3	1.198880515	0.971428571	27	0.94	0.37124183	20
2	1	3	1.20719416	0.971428571	30	1	0.37124183	20
2	1	3	1.203985564	0.971428571	29	0.97	0.37124183	20
2	1	3	1.191836307	0.971428571	22	1	0.37124183	20
2	1	3	1.201726386	0.971428571	28	0.96	0.37124183	20
2	1	3	1.184668069	0.971428571	20	0.95	0.37124183	20
2	1	3	1.189321692	0.971428571	22	0.95	0.37124183	20
2	1	3	1.196118309	0.971428571	24	1	0.37124183	20
2	1	3	1.193526809	0.971428571	23	0.99	0.37124183	20
2	1	3	1.174715614	0.971428571	17	0.91	0.37124183	20
2	1	3	1.158708028	0.971428571	14	0.79	0.37124183	20
2	1	3	1.110950403	0.68	30	0.94	0.37124183	20
2	1	3	1.105730659	0.68	27	0.94	0.37124183	20
2	1	3	1.114027934	0.68	30	1	0.37124183	20
2	1	3	1.110826976	0.68	29	0.97	0.37124183	20
2	1	3	1.098691533	0.68	22	1	0.37124183	20
2	1	3	1.108572182	0.68	28	0.96	0.37124183	20
2	1	3	1.091520057	0.68	20	0.95	0.37124183	20
2	1	3	1.096176754	0.68	22	0.95	0.37124183	20
2	1	3	1.102971414	0.68	24	1	0.37124183	20
2	1	3	1.100381558	0.68	23	0.99	0.37124183	20
2	1	3	1.081548813	0.68	17	0.91	0.37124183	20
2	1	3	1.065475398	0.68	14	0.79	0.37124183	20
2	1	3	1.113840745	0.6	30	0.94	0.37124183	19
2	1	3	1.108442242	0.6	27	0.94	0.37124183	19
2	1	3	1.117024497	0.6	30	1	0.37124183	19
2	1	3	1.11371307	0.6	29	0.97	0.37124183	19
2	1	3	1.10116485	0.6	22	1	0.37124183	19
2	1	3	1.111380858	0.6	28	0.96	0.37124183	19
2	1	3	1.093753951	0.6	20	0.95	0.37124183	19
2	1	3	1.098565732	0.6	22	0.95	0.37124183	19
2	1	3	1.105589216	0.6	24	1	0.37124183	19
2	1	3	1.102911787	0.6	23	0.99	0.37124183	19
2	1	3	1.08345541	0.6	17	0.91	0.37124183	19
2	1	3	1.066868196	0.6	14	0.79	0.37124183	19
2	2	1	1.059963318	0.32	13	0.92	0.488304093	22
2	2	1	1.028763796	0.32	8	0.64	0.488304093	22
2	2	1	1.076946479	0.32	21	0.89	0.488304093	22
2	2	1	1.029871411	0.32	6	0.88	0.488304093	22
2	2	1	1.085815312	0.32	25	0.94	0.488304093	22
2	2	1	0.949881986	0.32	1	0.5	0.488304093	22
2	2	1	1.077192875	0.32	19	0.99	0.488304093	22
2	2	1	1.038231774	0.32	7	0.95	0.488304093	22
2	2	1	1.04272878	0.32	8	0.94	0.488304093	22
2	2	1	1.031474567	0.32	6	0.92	0.488304093	22
2	2	1	1.05326558	0.32	10	1	0.488304093	22
2	2	1	1.048224871	0.32	9	0.97	0.488304093	22
2	2	1	1.139437425	0.76	13	0.92	0.488304093	21
2	2	1	1.102202463	0.76	8	0.64	0.488304093	21
2	2	1	1.159684151	0.76	21	0.89	0.488304093	21
2	2	1	1.103525132	0.76	6	0.88	0.488304093	21
2	2	1	1.170250528	0.76	25	0.94	0.488304093	21
2	2	1	1.007920798	0.76	1	0.5	0.488304093	21
2	2	1	1.159977772	0.76	19	0.99	0.488304093	21
2	2	1	1.113506987	0.76	7	0.95	0.488304093	21
2	2	1	1.118874845	0.76	8	0.94	0.488304093	21
2	2	1	1.105439463	0.76	6	0.92	0.488304093	21
2	2	1	1.13144818	0.76	10	1	0.488304093	21
2	2	1	1.125433916	0.76	9	0.97	0.488304093	21
2	2	1	1.101983301	0.6	13	0.92	0.488304093	21
2	2	1	1.066391398	0.6	8	0.64	0.488304093	21
2	2	1	1.121335662	0.6	21	0.89	0.488304093	21
2	2	1	1.067655777	0.6	6	0.88	0.488304093	21
2	2	1	1.131435304	0.6	25	0.94	0.488304093	21
2	2	1	0.976231553	0.6	1	0.5	0.488304093	21
2	2	1	1.121616312	0.6	19	0.99	0.488304093	21
2	2	1	1.07719751	0.6	7	0.95	0.488304093	21
2	2	1	1.082328548	0.6	8	0.94	0.488304093	21
2	2	1	1.069485731	0.6	6	0.92	0.488304093	21
2	2	1	1.094346872	0.6	10	1	0.488304093	21
2	2	1	1.088598134	0.6	9	0.97	0.488304093	21
2	2	2	1.226198467	0.88	35	0.96	0.654882155	19
2	2	2	1.211734489	0.88	26	1	0.654882155	19
2	2	2	1.241152274	0.88	45	0.97	0.654882155	19
2	2	2	1.221067412	0.88	31	0.99	0.654882155	19
2	2	2	1.184855261	0.88	16	1	0.654882155	19
2	2	2	0	0.88	36	0	0.654882155	19
2	2	2	1.237945525	0.88	43	0.96	0.654882155	19
2	2	2	1.238937832	0.88	42	1	0.654882155	19
2	2	2	1.225995371	0.88	36	0.93	0.654882155	19
2	2	2	1.223432039	0.88	32	1	0.654882155	19
2	2	2	1.232632346	0.88	38	0.99	0.654882155	19
2	2	2	1.234116368	0.88	39	0.99	0.654882155	19
2	2	2	0.752347504	0.04	35	0.96	0.654882155	23
2	2	2	0.744351791	0.04	26	1	0.654882155	23
2	2	2	0.760595395	0.04	45	0.97	0.654882155	23
2	2	2	0.749513083	0.04	31	0.99	0.654882155	23
2	2	2	0.729445216	0.04	16	1	0.654882155	23
2	2	2	0	0.04	36	0	0.654882155	23
2	2	2	0.758828269	0.04	43	0.96	0.654882155	23
2	2	2	0.759375186	0.04	42	1	0.654882155	23
2	2	2	0.752235355	0.04	36	0.93	0.654882155	23
2	2	2	0.750819593	0.04	32	1	0.654882155	23
2	2	2	0.755898466	0.04	38	0.99	0.654882155	23
2	2	2	0.756717027	0.04	39	0.99	0.654882155	23
2	2	2	1.12106328	0.72	35	0.96	0.654882155	21
2	2	2	1.109041019	0.72	26	1	0.654882155	21
2	2	2	1.133477178	0.72	45	0.97	0.654882155	21
2	2	2	1.116800116	0.72	31	0.99	0.654882155	21
2	2	2	1.086659475	0.72	16	1	0.654882155	21
2	2	2	0	0.72	36	0	0.654882155	21
2	2	2	1.130816413	0.72	43	0.96	0.654882155	21
2	2	2	1.131639845	0.72	42	1	0.654882155	21
2	2	2	1.120894572	0.72	36	0.93	0.654882155	21
2	2	2	1.11876501	0.72	32	1	0.654882155	21
2	2	2	1.126406281	0.72	38	0.99	0.654882155	21
2	2	2	1.127638272	0.72	39	0.99	0.654882155	21
2	2	3	1.013472875	0.4	15	0.98	0.462962963	17
2	2	3	1.022245238	0.4	18	0.97	0.462962963	17
2	2	3	0.975101144	0.4	7	0.97	0.462962963	17
2	2	3	1.017782828	0.4	16	1	0.462962963	17
2	2	3	1.031750169	0.4	21	1	0.462962963	17
2	2	3	1.046756336	0.4	28	1	0.462962963	17
2	2	3	1.019321909	0.4	17	0.97	0.462962963	17
2	2	3	0.975315567	0.4	11	0.62	0.462962963	17
2	2	3	1.025766487	0.4	22	0.85	0.462962963	17
2	2	3	0	0.4	4	0	0.462962963	17
2	2	3	1.002219496	0.4	12	0.98	0.462962963	17
2	2	3	0	0.4	10	0	0.462962963	17
2	2	3	0.991489089	0.24	15	0.98	0.462962963	20
2	2	3	0.999098401	0.24	18	0.97	0.462962963	20
2	2	3	0.958076966	0.24	7	0.97	0.462962963	20
2	2	3	0.995228965	0.24	16	1	0.462962963	20
2	2	3	1.007331079	0.24	21	1	0.462962963	20
2	2	3	1.020303311	0.24	28	1	0.462962963	20
2	2	3	0.996563844	0.24	17	0.97	0.462962963	20
2	2	3	0.95826426	0.24	11	0.62	0.462962963	20
2	2	3	1.002149783	0.24	22	0.85	0.462962963	20
2	2	3	0	0.24	4	0	0.462962963	20
2	2	3	0.981711901	0.24	12	0.98	0.462962963	20
2	2	3	0	0.24	10	0	0.462962963	20
2	2	3	1.033931593	0.36	15	0.98	0.462962963	18
2	2	3	1.042684239	0.36	18	0.97	0.462962963	18
2	2	3	0.99559175	0.36	7	0.97	0.462962963	18
2	2	3	1.038232435	0.36	16	1	0.462962963	18
2	2	3	1.052162612	0.36	21	1	0.462962963	18
2	2	3	1.067115877	0.36	28	1	0.462962963	18
2	2	3	1.039767993	0.36	17	0.97	0.462962963	18
2	2	3	0.995806242	0.36	11	0.62	0.462962963	18
2	2	3	1.046196279	0.36	22	0.85	0.462962963	18
2	2	3	0	0.36	4	0	0.462962963	18
2	2	3	1.022696747	0.36	12	0.98	0.462962963	18
2	2	3	0	0.36	10	0	0.462962963	18
2	3	1	1.152841707	0.88	16	0.86	0.563973064	16
2	3	1	1.192262114	0.88	25	0.99	0.563973064	16
2	3	1	1.170711561	0.88	18	1	0.563973064	16
2	3	1	1.18109354	0.88	21	1	0.563973064	16
2	3	1	1.174342384	0.88	19	1	0.563973064	16
2	3	1	1.150599444	0.88	14	0.95	0.563973064	16
2	3	1	1.153983702	0.88	14	1	0.563973064	16
2	3	1	1.143843361	0.88	12	1	0.563973064	16
2	3	1	1.125160108	0.88	9	1	0.563973064	16
2	3	1	1.153983702	0.88	14	1	0.563973064	16
2	3	1	0	0.88	15	0	0.563973064	16
2	3	1	1.147820544	0.88	15	0.85	0.563973064	16
2	3	1	1.190323484	0.96	16	0.86	0.563973064	17
2	3	1	1.226464066	0.96	25	0.99	0.563973064	17
2	3	1	1.206712283	0.96	18	1	0.563973064	17
2	3	1	1.216229402	0.96	21	1	0.563973064	17
2	3	1	1.210041006	0.96	19	1	0.563973064	17
2	3	1	1.188266371	0.96	14	0.95	0.563973064	17
2	3	1	1.191371122	0.96	14	1	0.563973064	17
2	3	1	1.18206721	0.96	12	1	0.563973064	17
2	3	1	1.164916547	0.96	9	1	0.563973064	17
2	3	1	1.191371122	0.96	14	1	0.563973064	17
2	3	1	0	0.96	15	0	0.563973064	17
2	3	1	1.185716715	0.96	15	0.85	0.563973064	17
2	3	1	1.137235391	0.72	16	0.86	0.563973064	16
2	3	1	1.176274374	0.72	25	0.99	0.563973064	16
2	3	1	1.154931788	0.72	18	1	0.563973064	16
2	3	1	1.165213414	0.72	21	1	0.563973064	16
2	3	1	1.15852748	0.72	19	1	0.563973064	16
2	3	1	1.135014959	0.72	14	0.95	0.563973064	16
2	3	1	1.138366273	0.72	14	1	0.563973064	16
2	3	1	1.128324743	0.72	12	1	0.563973064	16
2	3	1	1.109824357	0.72	9	1	0.563973064	16
2	3	1	1.138366273	0.72	14	1	0.563973064	16
2	3	1	0	0.72	15	0	0.563973064	16
2	3	1	1.132263135	0.72	15	0.85	0.563973064	16
2	3	2	1.145459498	0.92	12	0.94	0.588274045	17
2	3	2	0	0.92	0	0	0.588274045	17
2	3	2	1.136356032	0.92	10	0.97	0.588274045	17
2	3	2	1.10787295	0.92	6	1	0.588274045	17
2	3	2	1.15738532	0.92	14	0.98	0.588274045	17
2	3	2	1.139556702	0.92	11	0.93	0.588274045	17
2	3	2	1.10787295	0.92	6	1	0.588274045	17
2	3	2	1.138187453	0.92	10	1	0.588274045	17
2	3	2	1.149213961	0.92	12	1	0.588274045	17
2	3	2	1.154089678	0.92	13	1	0.588274045	17
2	3	2	1.156123556	0.92	14	0.96	0.588274045	17
2	3	2	1.07902236	0.92	13	0.28	0.588274045	17
2	3	2	1.142554704	0.88	12	0.94	0.588274045	16
2	3	2	0	0.88	0	0	0.588274045	16
2	3	2	1.132726625	0.88	10	0.97	0.588274045	16
2	3	2	1.102008754	0.88	6	1	0.588274045	16
2	3	2	1.155437245	0.88	14	0.98	0.588274045	16
2	3	2	1.136181496	0.88	11	0.93	0.588274045	16
2	3	2	1.102008754	0.88	6	1	0.588274045	16
2	3	2	1.134703424	0.88	10	1	0.588274045	16
2	3	2	1.146609452	0.88	12	1	0.588274045	16
2	3	2	1.151876379	0.88	13	1	0.588274045	16
2	3	2	1.154073862	0.88	14	0.96	0.588274045	16
2	3	2	1.070945841	0.88	13	0.28	0.588274045	16
2	3	2	1.212889396	0.92	12	0.94	0.588274045	15
2	3	2	0	0.92	0	0	0.588274045	15
2	3	2	1.202505312	0.92	10	0.97	0.588274045	15
2	3	2	1.170100121	0.92	6	1	0.588274045	15
2	3	2	1.226512543	0.92	14	0.98	0.588274045	15
2	3	2	1.206154746	0.92	11	0.93	0.588274045	15
2	3	2	1.170100121	0.92	6	1	0.588274045	15
2	3	2	1.204593318	0.92	10	1	0.588274045	15
2	3	2	1.217175806	0.92	12	1	0.588274045	15
2	3	2	1.222745629	0.92	13	1	0.588274045	15
2	3	2	1.225070149	0.92	14	0.96	0.588274045	15
2	3	2	1.137409108	0.92	13	0.28	0.588274045	15
2	3	3	1.127335996	0.84	11	1	0.523809524	16
2	3	3	1.112520901	0.84	9	0.97	0.523809524	16
2	3	3	1.127335996	0.84	11	1	0.523809524	16
2	3	3	0	0.84	0	0	0.523809524	16
2	3	3	1.108463033	0.84	9	0.91	0.523809524	16
2	3	3	0	0.84	3	0	0.523809524	16
2	3	3	0	0.84	0	0	0.523809524	16
2	3	3	1.131655502	0.84	12	0.98	0.523809524	16
2	3	3	1.100321131	0.84	8	0.9	0.523809524	16
2	3	3	1.111861306	0.84	12	0.72	0.523809524	16
2	3	3	0	0.84	0	0	0.523809524	16
2	3	3	0	0.84	0	0	0.523809524	16
2	3	3	1.112792776	0.56	11	1	0.523809524	15
2	3	3	1.098931328	0.56	9	0.97	0.523809524	15
2	3	3	1.112792776	0.56	11	1	0.523809524	15
2	3	3	0	0.56	0	0	0.523809524	15
2	3	3	1.095138891	0.56	9	0.91	0.523809524	15
2	3	3	0	0.56	3	0	0.523809524	15
2	3	3	0	0.56	0	0	0.523809524	15
2	3	3	1.116838798	0.56	12	0.98	0.523809524	15
2	3	3	1.087535037	0.56	8	0.9	0.523809524	15
2	3	3	1.098314754	0.56	12	0.72	0.523809524	15
2	3	3	0	0.56	0	0	0.523809524	15
2	3	3	0	0.56	0	0	0.523809524	15
2	3	3	0.637698653	0.08	11	1	0.523809524	18
2	3	3	0.63022741	0.08	9	0.97	0.523809524	18
2	3	3	0.637698653	0.08	11	1	0.523809524	18
2	3	3	0	0.08	0	0	0.523809524	18
2	3	3	0.62817908	0.08	9	0.91	0.523809524	18
2	3	3	0	0.08	3	0	0.523809524	18
2	3	3	0	0.08	0	0	0.523809524	18
2	3	3	0.63987489	0.08	12	0.98	0.523809524	18
2	3	3	0.624066662	0.08	8	0.9	0.523809524	18
2	3	3	0.629894517	0.08	12	0.72	0.523809524	18
2	3	3	0	0.08	0	0	0.523809524	18
2	3	3	0	0.08	0	0	0.523809524	18
2	4	1	1.012038331	0.48	8	0.93	0.455473856	16
2	4	1	1.048167089	0.48	15	0.98	0.455473856	16
2	4	1	1.053273731	0.48	19	0.85	0.455473856	16
2	4	1	1.031531189	0.48	11	0.98	0.455473856	16
2	4	1	1.062163484	0.48	20	0.95	0.455473856	16
2	4	1	0	0.48	22	0	0.455473856	16
2	4	1	1.056070191	0.48	17	1	0.455473856	16
2	4	1	1.064987108	0.48	20	1	0.455473856	16
2	4	1	1.067680951	0.48	21	1	0.455473856	16
2	4	1	1.031629704	0.48	12	0.9	0.455473856	16
2	4	1	0	0.48	21	0	0.455473856	16
2	4	1	1.055521585	0.48	17	0.99	0.455473856	16
2	4	1	1.061559868	0.68	8	0.93	0.455473856	17
2	4	1	1.098663511	0.68	15	0.98	0.455473856	17
2	4	1	1.103900439	0.68	19	0.85	0.455473856	17
2	4	1	1.081590284	0.68	11	0.98	0.455473856	17
2	4	1	1.113012568	0.68	20	0.95	0.455473856	17
2	4	1	0	0.68	22	0	0.455473856	17
2	4	1	1.106767458	0.68	17	1	0.455473856	17
2	4	1	1.115905648	0.68	20	1	0.455473856	17
2	4	1	1.118665227	0.68	21	1	0.455473856	17
2	4	1	1.081691447	0.68	12	0.9	0.455473856	17
2	4	1	0	0.68	21	0	0.455473856	17
2	4	1	1.106205053	0.68	17	0.99	0.455473856	17
2	4	1	1.057445658	0.64	8	0.93	0.455473856	17
2	4	1	1.094343748	0.64	15	0.98	0.455473856	17
2	4	1	1.099551379	0.64	19	0.85	0.455473856	17
2	4	1	1.077365552	0.64	11	0.98	0.455473856	17
2	4	1	1.108612368	0.64	20	0.95	0.455473856	17
2	4	1	0	0.64	22	0	0.455473856	17
2	4	1	1.10240233	0.64	17	1	0.455473856	17
2	4	1	1.111489169	0.64	20	1	0.455473856	17
2	4	1	1.1142332	0.64	21	1	0.455473856	17
2	4	1	1.077466154	0.64	12	0.9	0.455473856	17
2	4	1	0	0.64	21	0	0.455473856	17
2	4	1	1.101843079	0.64	17	0.99	0.455473856	17
2	4	2	1.102161222	0.68	15	0.98	0.511982571	17
2	4	2	1.10461131	0.68	16	0.96	0.511982571	17
2	4	2	1.067189616	0.68	8	0.97	0.511982571	17
2	4	2	1.079822298	0.68	10	0.98	0.511982571	17
2	4	2	0	0.68	19	0	0.511982571	17
2	4	2	1.111794413	0.68	18	0.97	0.511982571	17
2	4	2	1.077900632	0.68	11	0.86	0.511982571	17
2	4	2	1.108208868	0.68	18	0.91	0.511982571	17
2	4	2	1.111794413	0.68	18	0.97	0.511982571	17
2	4	2	1.061815314	0.68	13	0.54	0.511982571	17
2	4	2	0.971819266	0.68	3	0.4	0.511982571	17
2	4	2	1.10882168	0.68	18	0.92	0.511982571	17
2	4	2	1.15029962	0.72	15	0.98	0.511982571	16
2	4	2	1.152967984	0.72	16	0.96	0.511982571	16
2	4	2	1.112275796	0.72	8	0.97	0.511982571	16
2	4	2	1.125997267	0.72	10	0.98	0.511982571	16
2	4	2	0	0.72	19	0	0.511982571	16
2	4	2	1.160794329	0.72	18	0.97	0.511982571	16
2	4	2	1.123908967	0.72	11	0.86	0.511982571	16
2	4	2	1.156887086	0.72	18	0.91	0.511982571	16
2	4	2	1.160794329	0.72	18	0.97	0.511982571	16
2	4	2	1.106443059	0.72	13	0.54	0.511982571	16
2	4	2	1.009203538	0.72	3	0.4	0.511982571	16
2	4	2	1.157554793	0.72	18	0.92	0.511982571	16
2	4	2	1.135180965	0.72	15	0.98	0.511982571	16
2	4	2	1.137799641	0.72	16	0.96	0.511982571	16
2	4	2	1.097858923	0.72	8	0.97	0.511982571	16
2	4	2	1.111328523	0.72	10	0.98	0.511982571	16
2	4	2	0	0.72	19	0	0.511982571	16
2	4	2	1.14547993	0.72	18	0.97	0.511982571	16
2	4	2	1.109278658	0.72	11	0.86	0.511982571	16
2	4	2	1.141645664	0.72	18	0.91	0.511982571	16
2	4	2	1.14547993	0.72	18	0.97	0.511982571	16
2	4	2	1.092132765	0.72	13	0.54	0.511982571	16
2	4	2	0.996623753	0.72	3	0.4	0.511982571	16
2	4	2	1.142300908	0.72	18	0.92	0.511982571	16
2	4	3	1.199883058	0.851851852	20	1	0.321594203	15
2	4	3	1.155170982	0.851851852	12	0.86	0.321594203	15
2	4	3	1.165587253	0.851851852	17	0.71	0.321594203	15
2	4	3	1.175305757	0.851851852	15	0.93	0.321594203	15
2	4	3	1.181109447	0.851851852	16	0.95	0.321594203	15
2	4	3	0.93363105	0.851851852	6	0.04	0.321594203	15
2	4	3	1.186936559	0.851851852	18	0.92	0.321594203	15
2	4	3	1.022054437	0.851851852	12	0.1	0.321594203	15
2	4	3	1.200433044	0.851851852	21	0.96	0.321594203	15
2	4	3	1.17588361	0.851851852	21	0.67	0.321594203	15
2	4	3	1.200433044	0.851851852	21	0.96	0.321594203	15
2	4	3	1.194442319	0.851851852	22	0.84	0.321594203	15
2	4	3	1.017738422	0.48	20	1	0.321594203	16
2	4	3	0.979896725	0.48	12	0.86	0.321594203	16
2	4	3	0.988724465	0.48	17	0.71	0.321594203	16
2	4	3	0.996954231	0.48	15	0.93	0.321594203	16
2	4	3	1.001865849	0.48	16	0.95	0.321594203	16
2	4	3	0.790322147	0.48	6	0.04	0.321594203	16
2	4	3	1.006795021	0.48	18	0.92	0.321594203	16
2	4	3	0.866413528	0.48	12	0.1	0.321594203	16
2	4	3	1.018203067	0.48	21	0.96	0.321594203	16
2	4	3	0.997443365	0.48	21	0.67	0.321594203	16
2	4	3	1.018203067	0.48	21	0.96	0.321594203	16
2	4	3	1.013140834	0.48	22	0.84	0.321594203	16
2	4	3	1.220682467	1	20	1	0.321594203	16
2	4	3	1.18063388	1	12	0.86	0.321594203	16
2	4	3	1.189959379	1	17	0.71	0.321594203	16
2	4	3	1.19866258	1	15	0.93	0.321594203	16
2	4	3	1.203861049	1	16	0.95	0.321594203	16
2	4	3	0.982846034	1	6	0.04	0.321594203	16
2	4	3	1.209081319	1	18	0.92	0.321594203	16
2	4	3	1.061684618	1	12	0.1	0.321594203	16
2	4	3	1.221175388	1	21	0.96	0.321594203	16
2	4	3	1.199180137	1	21	0.67	0.321594203	16
2	4	3	1.221175388	1	21	0.96	0.321594203	16
2	4	3	1.215806621	1	22	0.84	0.321594203	16
4	1	1	1.205526782	0.84	22.75	1	0.502277433	19
4	1	1	1.17505182	0.84	12.5	1	0.502277433	19
4	1	1	1.211459046	0.84	25.5	1	0.502277433	19
4	1	1	0	0.84	11	0	0.502277433	19
4	1	1	1.189755993	0.84	17.25	0.97	0.502277433	19
4	1	1	1.110452682	0.84	5.25	0.62	0.502277433	19
4	1	1	1.213467876	0.84	26.5	1	0.502277433	19
4	1	1	1.197577163	0.84	19.5	1	0.502277433	19
4	1	1	1.219448599	0.84	30	0.99	0.502277433	19
4	1	1	1.161447654	0.84	10	0.95	0.502277433	19
4	1	1	1.198231343	0.84	19.75	1	0.502277433	19
4	1	1	0	0.84	26.5	0	0.502277433	19
4	1	1	1.192961627	0.84	22.75	1	0.502277433	21
4	1	1	1.166052273	0.84	12.5	1	0.502277433	21
4	1	1	1.198202129	0.84	25.5	1	0.502277433	21
4	1	1	0	0.84	11	0	0.502277433	21
4	1	1	1.179033215	0.84	17.25	0.97	0.502277433	21
4	1	1	1.109118948	0.84	5.25	0.62	0.502277433	21
4	1	1	1.19997684	0.84	26.5	1	0.502277433	21
4	1	1	1.185940036	0.84	19.5	1	0.502277433	21
4	1	1	1.20526089	0.84	30	0.99	0.502277433	21
4	1	1	1.154048263	0.84	10	0.95	0.502277433	21
4	1	1	1.1865178	0.84	19.75	1	0.502277433	21
4	1	1	0	0.84	26.5	0	0.502277433	21
4	1	1	1.160501017	0.92	22.75	1	0.502277433	21
4	1	1	1.130524389	0.92	12.5	1	0.502277433	21
4	1	1	1.166305438	0.92	25.5	1	0.502277433	21
4	1	1	0	0.92	11	0	0.502277433	21
4	1	1	1.14502176	0.92	17.25	0.97	0.502277433	21
4	1	1	1.066040131	0.92	5.25	0.62	0.502277433	21
4	1	1	1.168268764	0.92	26.5	1	0.502277433	21
4	1	1	1.152707224	0.92	19.5	1	0.502277433	21
4	1	1	1.174107455	0.92	30	0.99	0.502277433	21
4	1	1	1.117053892	0.92	10	0.95	0.502277433	21
4	1	1	1.153349258	0.92	19.75	1	0.502277433	21
4	1	1	0	0.92	26.5	0	0.502277433	21
4	1	2	0	0.92	0	0	0.462242563	19
4	1	2	1.189912566	0.92	32.5	1	0.462242563	19
4	1	2	1.138701877	0.92	18	0.72	0.462242563	19
4	1	2	1.175586995	0.92	25.75	0.98	0.462242563	19
4	1	2	1.177732817	0.92	26.75	0.98	0.462242563	19
4	1	2	1.177203602	0.92	26.5	0.98	0.462242563	19
4	1	2	0	0.92	0	0	0.462242563	19
4	1	2	1.123328028	0.92	20.75	0.47	0.462242563	19
4	1	2	1.166868658	0.92	24	0.9	0.462242563	19
4	1	2	1.082583608	0.92	6	0.75	0.462242563	19
4	1	2	1.183837932	0.92	29.5	0.99	0.462242563	19
4	1	2	1.165396242	0.92	21.25	0.99	0.462242563	19
4	1	2	0	0.92	0	0	0.462242563	19
4	1	2	1.227016209	0.92	32.5	1	0.462242563	19
4	1	2	1.179055576	0.92	18	0.72	0.462242563	19
4	1	2	1.213568053	0.92	25.75	0.98	0.462242563	19
4	1	2	1.215580899	0.92	26.75	0.98	0.462242563	19
4	1	2	1.215084429	0.92	26.5	0.98	0.462242563	19
4	1	2	0	0.92	0	0	0.462242563	19
4	1	2	1.164719993	0.92	20.75	0.47	0.462242563	19
4	1	2	1.205395647	0.92	24	0.9	0.462242563	19
4	1	2	1.126870881	0.92	6	0.75	0.462242563	19
4	1	2	1.221310674	0.92	29.5	0.99	0.462242563	19
4	1	2	1.204016333	0.92	21.25	0.99	0.462242563	19
4	1	2	0	0.76	0	0	0.462242563	19
4	1	2	1.198859313	0.76	32.5	1	0.462242563	19
4	1	2	1.150587605	0.76	18	0.72	0.462242563	19
4	1	2	1.185343173	0.76	25.75	0.98	0.462242563	19
4	1	2	1.187367122	0.76	26.75	0.98	0.462242563	19
4	1	2	1.186867944	0.76	26.5	0.98	0.462242563	19
4	1	2	0	0.76	0	0	0.462242563	19
4	1	2	1.136120693	0.76	20.75	0.47	0.462242563	19
4	1	2	1.177122273	0.76	24	0.9	0.462242563	19
4	1	2	1.097834462	0.76	6	0.75	0.462242563	19
4	1	2	1.193126708	0.76	29.5	0.99	0.462242563	19
4	1	2	1.175734229	0.76	21.25	0.99	0.462242563	19
4	1	3	1.08549509	0.72	19	0.83	0.435769981	20
4	1	3	1.099822947	0.72	22	0.95	0.435769981	20
4	1	3	1.112973709	0.72	27.25	0.99	0.435769981	20
4	1	3	1.103698451	0.72	23	0.98	0.435769981	20
4	1	3	1.112048483	0.72	26.5	1	0.435769981	20
4	1	3	1.11484327	0.72	28.25	0.99	0.435769981	20
4	1	3	1.115365194	0.72	28.25	1	0.435769981	20
4	1	3	1.095593078	0.72	26	0.74	0.435769981	20
4	1	3	1.105326717	0.72	23.5	0.99	0.435769981	20
4	1	3	0	0.72	26	0	0.435769981	20
4	1	3	0	0.72	13.5	0	0.435769981	20
4	1	3	1.107473735	0.72	24.75	0.98	0.435769981	20
4	1	3	1.101215009	0.76	19	0.83	0.435769981	20
4	1	3	1.115752803	0.76	22	0.95	0.435769981	20
4	1	3	1.129096281	0.76	27.25	0.99	0.435769981	20
4	1	3	1.119685097	0.76	23	0.98	0.435769981	20
4	1	3	1.128157496	0.76	26.5	1	0.435769981	20
4	1	3	1.130993241	0.76	28.25	0.99	0.435769981	20
4	1	3	1.131522815	0.76	28.25	1	0.435769981	20
4	1	3	1.111460953	0.76	26	0.74	0.435769981	20
4	1	3	1.121337224	0.76	23.5	0.99	0.435769981	20
4	1	3	0	0.76	26	0	0.435769981	20
4	1	3	0	0.76	13.5	0	0.435769981	20
4	1	3	1.123515705	0.76	24.75	0.98	0.435769981	20
4	1	3	1.138829981	0.8	19	0.83	0.435769981	20
4	1	3	1.153294784	0.8	22	0.95	0.435769981	20
4	1	3	1.166571822	0.8	27.25	0.99	0.435769981	20
4	1	3	1.15720744	0.8	23	0.98	0.435769981	20
4	1	3	1.165637692	0.8	26.5	1	0.435769981	20
4	1	3	1.168459383	0.8	28.25	0.99	0.435769981	20
4	1	3	1.168986335	0.8	28.25	1	0.435769981	20
4	1	3	1.149024419	0.8	26	0.74	0.435769981	20
4	1	3	1.158851331	0.8	23.5	0.99	0.435769981	20
4	1	3	0	0.8	26	0	0.435769981	20
4	1	3	0	0.8	13.5	0	0.435769981	20
4	1	3	1.161018965	0.8	24.75	0.98	0.435769981	20
4	2	1	1.092672924	0.56	14.75	1	0.462301587	22
4	2	1	1.08256173	0.56	12	0.98	0.462301587	22
4	2	1	1.08870872	0.56	13.5	1	0.462301587	22
4	2	1	1.119295594	0.56	28.5	0.93	0.462301587	22
4	2	1	1.119718942	0.56	26.75	1	0.462301587	22
4	2	1	1.109780621	0.56	21.75	0.99	0.462301587	22
4	2	1	1.065536852	0.56	8.5	0.94	0.462301587	22
4	2	1	1.095619253	0.56	15.75	1	0.462301587	22
4	2	1	1.070749767	0.56	9	1	0.462301587	22
4	2	1	1.094169201	0.56	15.25	1	0.462301587	22
4	2	1	1.101642711	0.56	18	1	0.462301587	22
4	2	1	1.095404578	0.56	16.5	0.95	0.462301587	22
4	2	1	1.136304778	0.64	14.75	1	0.462301587	20
4	2	1	1.12517251	0.64	12	0.98	0.462301587	20
4	2	1	1.131938612	0.64	13.5	1	0.462301587	20
4	2	1	1.165681318	0.64	28.5	0.93	0.462301587	20
4	2	1	1.166149217	0.64	26.75	1	0.462301587	20
4	2	1	1.155171286	0.64	21.75	0.99	0.462301587	20
4	2	1	1.106459615	0.64	8.5	0.94	0.462301587	20
4	2	1	1.139551226	0.64	15.75	1	0.462301587	20
4	2	1	1.112185211	0.64	9	1	0.462301587	20
4	2	1	1.137953323	0.64	15.25	1	0.462301587	20
4	2	1	1.146191861	0.64	18	1	0.462301587	20
4	2	1	1.139314644	0.64	16.5	0.95	0.462301587	20
4	2	1	1.122724163	0.48	14.75	1	0.462301587	19
4	2	1	1.111768843	0.48	12	0.98	0.462301587	19
4	2	1	1.118425511	0.48	13.5	1	0.462301587	19
4	2	1	1.151709093	0.48	28.5	0.93	0.462301587	19
4	2	1	1.152171629	0.48	26.75	1	0.462301587	19
4	2	1	1.141326711	0.48	21.75	0.99	0.462301587	19
4	2	1	1.093389215	0.48	8.5	0.94	0.462301587	19
4	2	1	1.125921982	0.48	15.75	1	0.462301587	19
4	2	1	1.09900805	0.48	9	1	0.462301587	19
4	2	1	1.124347847	0.48	15.25	1	0.462301587	19
4	2	1	1.132467309	0.48	18	1	0.462301587	19
4	2	1	1.125688899	0.48	16.5	0.95	0.462301587	19
4	2	2	1.152904344	0.84	12.5	0.94	0.395021645	18
4	2	2	1.148128102	0.84	10.75	1	0.395021645	18
4	2	2	1.172445973	0.84	17	0.99	0.395021645	18
4	2	2	0	0.84	0	0	0.395021645	18
4	2	2	1.174820928	0.84	17.75	0.99	0.395021645	18
4	2	2	1.151747305	0.84	11.5	1	0.395021645	18
4	2	2	1.186716383	0.84	22	0.99	0.395021645	18
4	2	2	1.150566294	0.84	11.25	1	0.395021645	18
4	2	2	1.160407913	0.84	13.5	1	0.395021645	18
4	2	2	1.173801239	0.84	17.25	1	0.395021645	18
4	2	2	1.174593243	0.84	17.5	1	0.395021645	18
4	2	2	1.159394224	0.84	13.25	1	0.395021645	18
4	2	2	1.155421017	0.88	12.5	0.94	0.395021645	19
4	2	2	1.150835649	0.88	10.75	1	0.395021645	19
4	2	2	1.174162204	0.88	17	0.99	0.395021645	19
4	2	2	0	0.88	0	0	0.395021645	19
4	2	2	1.176437776	0.88	17.75	0.99	0.395021645	19
4	2	2	1.15431039	0.88	11.5	1	0.395021645	19
4	2	2	1.187828728	0.88	22	0.99	0.395021645	19
4	2	2	1.153176639	0.88	11.25	1	0.395021645	19
4	2	2	1.162620912	0.88	13.5	1	0.395021645	19
4	2	2	1.175460812	0.88	17.25	1	0.395021645	19
4	2	2	1.176219638	0.88	17.5	1	0.395021645	19
4	2	2	1.161648517	0.88	13.25	1	0.395021645	19
4	2	3	1.107033109	0.56	14.75	0.9	0.253968254	20
4	2	3	1.136481224	0.56	24.75	1	0.253968254	20
4	2	3	1.087381036	0.56	19.25	0.45	0.253968254	20
4	2	3	1.121311424	0.56	18	1	0.253968254	20
4	2	3	1.134021311	0.56	23.75	0.99	0.253968254	20
4	2	3	1.126999227	0.56	20.5	0.99	0.253968254	20
4	2	3	0	0.56	28.25	0	0.253968254	20
4	2	3	1.074343074	0.56	13.25	0.49	0.253968254	20
4	2	3	1.087812835	0.56	16.5	0.53	0.253968254	20
4	2	3	1.097020737	0.56	11.75	0.91	0.253968254	20
4	2	3	1.123869797	0.56	20	0.95	0.253968254	20
4	2	3	1.138385158	0.56	25.75	1	0.253968254	20
4	2	3	1.079852538	0.64	14.75	0.9	0.253968254	18
4	2	3	1.112739399	0.64	24.75	1	0.253968254	18
4	2	3	1.057932716	0.64	19.25	0.45	0.253968254	18
4	2	3	1.095792156	0.64	18	1	0.253968254	18
4	2	3	1.109990395	0.64	23.75	0.99	0.253968254	18
4	2	3	1.102144908	0.64	20.5	0.99	0.253968254	18
4	2	3	0	0.64	28.25	0	0.253968254	18
4	2	3	1.043402459	0.64	13.25	0.49	0.253968254	18
4	2	3	1.058414106	0.64	16.5	0.53	0.253968254	18
4	2	3	1.068682046	0.64	11.75	0.91	0.253968254	18
4	2	3	1.098649401	0.64	20	0.95	0.253968254	18
4	2	3	1.114867312	0.64	25.75	1	0.253968254	18
4	3	1	0	0.928571429	0	0	0.493506493	16
4	3	1	1.099874694	0.928571429	5	0.9	0.493506493	16
4	3	1	1.157577458	0.928571429	11.25	1	0.493506493	16
4	3	1	1.182618122	0.928571429	16.5	1	0.493506493	16
4	3	1	0	0.928571429	0	0	0.493506493	16
4	3	1	1.194886956	0.928571429	20.25	0.98	0.493506493	16
4	3	1	1.185560607	0.928571429	17.25	1	0.493506493	16
4	3	1	1.184593403	0.928571429	17	1	0.493506493	16
4	3	1	1.185675783	0.928571429	18	0.96	0.493506493	16
4	3	1	1.146411439	0.928571429	9.75	0.97	0.493506493	16
4	3	1	1.173903928	0.928571429	14.75	0.98	0.493506493	16
4	3	1	1.145336957	0.928571429	10	0.93	0.493506493	16
4	3	1	0	0.56	0	0	0.493506493	18
4	3	1	1.01754796	0.56	5	0.9	0.493506493	18
4	3	1	1.06437381	0.56	11.25	1	0.493506493	18
4	3	1	1.084618604	0.56	16.5	1	0.493506493	18
4	3	1	0	0.56	0	0	0.493506493	18
4	3	1	1.094521492	0.56	20.25	0.98	0.493506493	18
4	3	1	1.086994615	0.56	17.25	1	0.493506493	18
4	3	1	1.08621368	0.56	17	1	0.493506493	18
4	3	1	1.087087606	0.56	18	0.96	0.493506493	18
4	3	1	1.055331811	0.56	9.75	0.97	0.493506493	18
4	3	1	1.077578447	0.56	14.75	0.98	0.493506493	18
4	3	1	1.05446124	0.56	10	0.93	0.493506493	18
4	3	1	0	0.846153846	0	0	0.493506493	16
4	3	1	1.087933856	0.846153846	5	0.9	0.493506493	16
4	3	1	1.145085403	0.846153846	11.25	1	0.493506493	16
4	3	1	1.169888398	0.846153846	16.5	1	0.493506493	16
4	3	1	0	0.846153846	0	0	0.493506493	16
4	3	1	1.18204111	0.846153846	20.25	0.98	0.493506493	16
4	3	1	1.172803014	0.846153846	17.25	1	0.493506493	16
4	3	1	1.171844969	0.846153846	17	1	0.493506493	16
4	3	1	1.172917099	0.846153846	18	0.96	0.493506493	16
4	3	1	1.134025657	0.846153846	9.75	0.97	0.493506493	16
4	3	1	1.161256811	0.846153846	14.75	0.98	0.493506493	16
4	3	1	1.132961411	0.846153846	10	0.93	0.493506493	16
4	3	2	1.084716449	0.88	6.25	0.4	0.429106858	18
4	3	2	0	0.88	12.5	0	0.429106858	18
4	3	2	0	0.88	7	0	0.429106858	18
4	3	2	1.167816886	0.88	17	0.74	0.429106858	18
4	3	2	1.160841293	0.88	11.75	0.94	0.429106858	18
4	3	2	1.114330783	0.88	6.75	0.67	0.429106858	18
4	3	2	1.176893601	0.88	15.5	0.96	0.429106858	18
4	3	2	1.067501759	0.88	13.5	0.13	0.429106858	18
4	3	2	1.046860993	0.88	8.75	0.13	0.429106858	18
4	3	2	0	0.88	6.5	0	0.429106858	18
4	3	2	1.124789704	0.88	15	0.37	0.429106858	18
4	3	2	1.094378376	0.88	16	0.19	0.429106858	18
4	3	2	1.033487963	0.8	6.25	0.4	0.429106858	18
4	3	2	0	0.8	12.5	0	0.429106858	18
4	3	2	0	0.8	7	0	0.429106858	18
4	3	2	1.11871911	0.8	17	0.74	0.429106858	18
4	3	2	1.111586262	0.8	11.75	0.94	0.429106858	18
4	3	2	1.063926358	0.8	6.75	0.67	0.429106858	18
4	3	2	1.12799461	0.8	15.5	0.96	0.429106858	18
4	3	2	1.015761283	0.8	13.5	0.13	0.429106858	18
4	3	2	0.994474995	0.8	8.75	0.13	0.429106858	18
4	3	2	0	0.8	6.5	0	0.429106858	18
4	3	2	1.074659131	0.8	15	0.37	0.429106858	18
4	3	2	1.043426647	0.8	16	0.19	0.429106858	18
4	3	2	1.063065836	0.76	6.25	0.4	0.429106858	18
4	3	2	0	0.76	12.5	0	0.429106858	18
4	3	2	0	0.76	7	0	0.429106858	18
4	3	2	1.144699369	0.76	17	0.74	0.429106858	18
4	3	2	1.137846318	0.76	11.75	0.94	0.429106858	18
4	3	2	1.092155456	0.76	6.75	0.67	0.429106858	18
4	3	2	1.153616762	0.76	15.5	0.96	0.429106858	18
4	3	2	1.046157367	0.76	13.5	0.13	0.429106858	18
4	3	2	1.025885084	0.76	8.75	0.13	0.429106858	18
4	3	2	0	0.76	6.5	0	0.429106858	18
4	3	2	1.102429628	0.76	15	0.37	0.429106858	18
4	3	2	1.072556295	0.76	16	0.19	0.429106858	18
4	3	3	1.161061639	0.76	22	0.91	0.40617849	17
4	3	3	1.172478628	0.76	24.75	0.98	0.40617849	17
4	3	3	1.155339099	0.76	19.75	0.92	0.40617849	17
4	3	3	1.152877733	0.76	20.5	0.85	0.40617849	17
4	3	3	1.16935074	0.76	23.25	0.99	0.40617849	17
4	3	3	1.116658716	0.76	15.25	0.61	0.40617849	17
4	3	3	1.149971551	0.76	16.75	0.99	0.40617849	17
4	3	3	1.161554826	0.76	21.25	0.95	0.40617849	17
4	3	3	1.156605719	0.76	19.75	0.94	0.40617849	17
4	3	3	1.143968641	0.76	23.75	0.63	0.40617849	17
4	3	3	1.172478628	0.76	24.5	0.99	0.40617849	17
4	3	3	0	0.76	15	0	0.40617849	17
4	3	3	1.222108597	0.92	22	0.91	0.40617849	16
4	3	3	1.234214478	0.92	24.75	0.98	0.40617849	16
4	3	3	1.216047528	0.92	19.75	0.92	0.40617849	16
4	3	3	1.213441952	0.92	20.5	0.85	0.40617849	16
4	3	3	1.230896074	0.92	23.25	0.99	0.40617849	16
4	3	3	1.175199132	0.92	15.25	0.61	0.40617849	16
4	3	3	1.210366583	0.92	16.75	0.99	0.40617849	16
4	3	3	1.222631171	0.92	21.25	0.95	0.40617849	16
4	3	3	1.217388686	0.92	19.75	0.94	0.40617849	16
4	3	3	1.204017937	0.92	23.75	0.63	0.40617849	16
4	3	3	1.234214478	0.92	24.5	0.99	0.40617849	16
4	3	3	0	0.92	15	0	0.40617849	16
4	4	1	1.210240789	0.8	24	1	0.487219888	16
4	4	1	1.208237776	0.8	23.5	0.99	0.487219888	16
4	4	1	1.190579557	0.8	18	0.98	0.487219888	16
4	4	1	1.215412821	0.8	26	1	0.487219888	16
4	4	1	1.205371721	0.8	22.25	1	0.487219888	16
4	4	1	1.139825098	0.8	7.75	1	0.487219888	16
4	4	1	1.167701529	0.8	13.75	0.89	0.487219888	16
4	4	1	1.218910177	0.8	28	0.98	0.487219888	16
4	4	1	1.208918816	0.8	23.75	0.99	0.487219888	16
4	4	1	1.164343483	0.8	30.5	0.38	0.487219888	16
4	4	1	1.193595356	0.8	18.5	1	0.487219888	16
4	4	1	1.196119792	0.8	19.25	1	0.487219888	16
4	4	1	1.175888371	0.64	24	1	0.487219888	15
4	4	1	1.173880403	0.64	23.5	0.99	0.487219888	15
4	4	1	1.156192596	0.64	18	0.98	0.487219888	15
4	4	1	1.181074699	0.64	26	1	0.487219888	15
4	4	1	1.171007822	0.64	22.25	1	0.487219888	15
4	4	1	1.105495731	0.64	7.75	1	0.487219888	15
4	4	1	1.133314171	0.64	13.75	0.89	0.487219888	15
4	4	1	1.184582945	0.64	28	0.98	0.487219888	15
4	4	1	1.174563091	0.64	23.75	0.99	0.487219888	15
4	4	1	1.129959696	0.64	30.5	0.38	0.487219888	15
4	4	1	1.159211649	0.64	18.5	1	0.487219888	15
4	4	1	1.16173938	0.64	19.25	1	0.487219888	15
4	4	1	1.200866698	0.68	24	1	0.487219888	16
4	4	1	1.198884985	0.68	23.5	0.99	0.487219888	16
4	4	1	1.181413722	0.68	18	0.98	0.487219888	16
4	4	1	1.205983648	0.68	26	1	0.487219888	16
4	4	1	1.196049374	0.68	22.25	1	0.487219888	16
4	4	1	1.131187944	0.68	7.75	1	0.487219888	16
4	4	1	1.158775653	0.68	13.75	0.89	0.487219888	16
4	4	1	1.209443688	0.68	28	0.98	0.487219888	16
4	4	1	1.199558784	0.68	23.75	0.99	0.487219888	16
4	4	1	1.155452605	0.68	30.5	0.38	0.487219888	16
4	4	1	1.184397696	0.68	18.5	1	0.487219888	16
4	4	1	1.186895459	0.68	19.25	1	0.487219888	16
4	4	2	1.161829003	0.72	15.5	1	0.375925926	15
4	4	2	1.181035357	0.72	21.75	0.96	0.375925926	15
4	4	2	1.155648398	0.72	14.5	0.97	0.375925926	15
4	4	2	1.18140851	0.72	21	1	0.375925926	15
4	4	2	1.169606148	0.72	17.5	1	0.375925926	15
4	4	2	1.164533711	0.72	16.5	0.98	0.375925926	15
4	4	2	1.161829003	0.72	15.5	1	0.375925926	15
4	4	2	1.154213122	0.72	13.75	1	0.375925926	15
4	4	2	1.169872193	0.72	17.75	0.99	0.375925926	15
4	4	2	1.141591359	0.72	11.25	1	0.375925926	15
4	4	2	1.179975031	0.72	20.75	0.99	0.375925926	15
4	4	2	1.137038356	0.72	11.75	0.89	0.375925926	15
4	4	2	1.173585235	0.8	15.5	1	0.375925926	14
4	4	2	1.194854198	0.8	21.75	0.96	0.375925926	14
4	4	2	1.166741782	0.8	14.5	0.97	0.375925926	14
4	4	2	1.195267466	0.8	21	1	0.375925926	14
4	4	2	1.182197075	0.8	17.5	1	0.375925926	14
4	4	2	1.176580152	0.8	16.5	0.98	0.375925926	14
4	4	2	1.173585235	0.8	15.5	1	0.375925926	14
4	4	2	1.165152641	0.8	13.75	1	0.375925926	14
4	4	2	1.182491686	0.8	17.75	0.99	0.375925926	14
4	4	2	1.151178815	0.8	11.25	1	0.375925926	14
4	4	2	1.193679891	0.8	20.75	0.99	0.375925926	14
4	4	2	1.146138542	0.8	11.75	0.89	0.375925926	14
4	4	2	1.102555415	0.6	15.5	1	0.375925926	14
4	4	2	1.122758815	0.6	21.75	0.96	0.375925926	14
4	4	2	1.096055593	0.6	14.5	0.97	0.375925926	14
4	4	2	1.123151413	0.6	21	1	0.375925926	14
4	4	2	1.110735373	0.6	17.5	1	0.375925926	14
4	4	2	1.105400069	0.6	16.5	0.98	0.375925926	14
4	4	2	1.102555415	0.6	15.5	1	0.375925926	14
4	4	2	1.094546304	0.6	13.75	1	0.375925926	14
4	4	2	1.11101522	0.6	17.75	0.99	0.375925926	14
4	4	2	1.081275576	0.6	11.25	1	0.375925926	14
4	4	2	1.121643248	0.6	20.75	0.99	0.375925926	14
4	4	2	1.076489328	0.6	11.75	0.89	0.375925926	14
4	4	3	1.243055387	0.852941176	18	1	0.471264368	15
4	4	3	1.253093278	0.852941176	21	1	0.471264368	15
4	4	3	1.263256172	0.852941176	25	0.98	0.471264368	15
4	4	3	1.245701497	0.852941176	18.75	1	0.471264368	15
4	4	3	1.229446865	0.852941176	16	0.91	0.471264368	15
4	4	3	1.255561726	0.852941176	22.25	0.98	0.471264368	15
4	4	3	1.268307772	0.852941176	27.25	0.97	0.471264368	15
4	4	3	1.23756099	0.852941176	19	0.87	0.471264368	15
4	4	3	1.239004048	0.852941176	17.25	0.98	0.471264368	15
4	4	3	1.227777565	0.852941176	15.25	0.93	0.471264368	15
4	4	3	1.225675827	0.852941176	14	0.98	0.471264368	15
4	4	3	1.263916498	0.852941176	25.25	0.98	0.471264368	15
4	4	3	0.991995509	0.36	18	1	0.471264368	16
4	4	3	0.999863645	0.36	21	1	0.471264368	16
4	4	3	1.007803607	0.36	25	0.98	0.471264368	16
4	4	3	0.994072189	0.36	18.75	1	0.471264368	16
4	4	3	0.981285882	0.36	16	0.91	0.471264368	16
4	4	3	1.001794553	0.36	22.25	0.98	0.471264368	16
4	4	3	1.011740769	0.36	27.25	0.97	0.471264368	16
4	4	3	0.987677552	0.36	19	0.87	0.471264368	16
4	4	3	0.988812408	0.36	17.25	0.98	0.471264368	16
4	4	3	0.979968694	0.36	15.25	0.93	0.471264368	16
4	4	3	0.978309179	0.36	14	0.98	0.471264368	16
4	4	3	1.008318612	0.36	25.25	0.98	0.471264368	16
4	4	3	1.064537028	0.36	18	1	0.471264368	17
4	4	3	1.071926079	0.36	21	1	0.471264368	17
4	4	3	1.079392495	0.36	25	0.98	0.471264368	17
4	4	3	1.066486307	0.36	18.75	1	0.471264368	17
4	4	3	1.05449534	0.36	16	0.91	0.471264368	17
4	4	3	1.073740913	0.36	22.25	0.98	0.471264368	17
4	4	3	1.083098507	0.36	27.25	0.97	0.471264368	17
4	4	3	1.06048617	0.36	19	0.87	0.471264368	17
4	4	3	1.061550538	0.36	17.25	0.98	0.471264368	17
4	4	3	1.053261569	0.36	15.25	0.93	0.471264368	17
4	4	3	1.051707548	0.36	14	0.98	0.471264368	17
4	4	3	1.079877126	0.36	25.25	0.98	0.471264368	17
11	1	1	1.126198267	0.76	16	1		19
11	1	1	1.107271317	0.76	11.33333333	0.941176471		19
11	1	1	1.143520858	0.76	23	1		19
11	1	1	1.146902441	0.76	25.66666667	0.961038961		19
11	1	1	1.099471884	0.76	18.66666667	0.482142857		19
11	1	1	1.144900344	0.76	24.33333333	0.97260274		19
11	1	1	1.142103187	0.76	24	0.930555556		19
11	1	1	1.118787233	0.76	14.66666667	0.931818182		19
11	1	1	1.157515056	0.76	35	0.876190476		19
11	1	1	1.158045531	0.76	33.66666667	0.920792079		19
11	1	1	1.163073382	0.76	35	0.980952381		19
11	1	1	1.145576419	0.76	25.33333333	0.947368421		19
11	1	2	1.189186098	0.923076923	16	1		17
11	1	2	1.166355538	0.923076923	11.33333333	0.941176471		17
11	1	2	1.210107019	0.923076923	23	1		17
11	1	2	1.214193824	0.923076923	25.66666667	0.961038961		17
11	1	2	1.156956267	0.923076923	18.66666667	0.482142857		17
11	1	2	1.211774085	0.923076923	24.33333333	0.97260274		17
11	1	2	1.208393963	0.923076923	24	0.930555556		17
11	1	2	1.180243029	0.923076923	14.66666667	0.931818182		17
11	1	2	1.227025489	0.923076923	35	0.876190476		17
11	1	2	1.227667114	0.923076923	33.66666667	0.920792079		17
11	1	2	1.233749515	0.923076923	35	0.980952381		17
11	1	2	1.212591155	0.923076923	25.33333333	0.947368421		17
11	1	3	1.063476245	0.84	16	1		18
11	1	3	1.04102182	0.84	11.33333333	0.941176471		18
11	1	3	1.083984179	0.84	23	1		18
11	1	3	1.087982799	0.84	25.66666667	0.961038961		18
11	1	3	1.031754442	0.84	18.66666667	0.482142857		18
11	1	3	1.085615568	0.84	24.33333333	0.97260274		18
11	1	3	1.082307362	0.84	24	0.930555556		18
11	1	3	1.054689867	0.84	14.66666667	0.931818182		18
11	1	3	1.100521843	0.84	35	0.876190476		18
11	1	3	1.101148213	0.84	33.66666667	0.920792079		18
11	1	3	1.107083081	0.84	35	0.980952381		18
11	1	3	1.086415003	0.84	25.33333333	0.947368421		18
11	4	1	1.01390021	0.68	4	1		16
11	4	1	1.051261617	0.68	10.33333333	0.741935484		16
11	4	1	1.084164018	0.68	13.66666667	0.975609756		16
11	4	1	1.085656812	0.68	13.66666667	1		16
11	4	1	0	0.68	0	0		16
11	4	1	0.975606526	0.68	3	0.666666667		16
11	4	1	0	0.68	8	0		16
11	4	1	0.9539044	0.68	1.666666667	0.8		16
11	4	1	1.030248196	0.68	8	0.666666667		16
11	4	1	1.081069878	0.68	13.66666667	0.926829268		16
11	4	1	1.079464802	0.68	13.66666667	0.902439024		16
11	4	1	1.097731854	0.68	18.33333333	0.909090909		16
11	4	2	1.067732363	0.84	4	1		18
11	4	2	1.102335654	0.84	10.33333333	0.741935484		18
11	4	2	1.13270546	0.84	13.66666667	0.975609756		18
11	4	2	1.134081109	0.84	13.66666667	1		18
11	4	2	0	0.84	0	0		18
11	4	2	1.032130047	0.84	3	0.666666667		18
11	4	2	0	0.84	8	0		18
11	4	2	1.011889788	0.84	1.666666667	0.8		18
11	4	2	1.082889224	0.84	8	0.666666667		18
11	4	2	1.129853515	0.84	13.66666667	0.926829268		18
11	4	2	1.128373752	0.84	13.66666667	0.902439024		18
11	4	2	1.145201557	0.84	18.33333333	0.909090909		18
11	4	3	1.021585133	0.6	4	1		17
11	4	3	1.055722633	0.6	10.33333333	0.741935484		17
11	4	3	1.085751528	0.6	13.66666667	0.975609756		17
11	4	3	1.087113222	0.6	13.66666667	1		17
11	4	3	0	0.6	0	0		17
11	4	3	0.986549206	0.6	3	0.666666667		17
11	4	3	0	0.6	8	0		17
11	4	3	0.966670742	0.6	1.666666667	0.8		17
11	4	3	1.036527756	0.6	8	0.666666667		17
11	4	3	1.082928922	0.6	13.66666667	0.926829268		17
11	4	3	1.081464598	0.6	13.66666667	0.902439024		17
11	4	3	1.098125566	0.6	18.33333333	0.909090909		17
