Treatment	Temp	pH	Rep	Beak	Food	time	nx	lx	Ndev	Cdev	F.Ratio	M.Ratio
1	13	8.2	1	1	600	0	25	1	0	0	#DIV/0!	#DIV/0!
1	13	8.2	1	1	600	4	19	0.76	0	0	#DIV/0!	#DIV/0!
1	13	8.2	1	1	600	6	19	0.76	0	0	#DIV/0!	#DIV/0!
1	13	8.2	1	1	600	8	19	0.76	1	0	#DIV/0!	#DIV/0!
1	13	8.2	1	1	600	11	19	0.76	16	0	#DIV/0!	#DIV/0!
1	13	8.2	1	1	600	13	19	0.76	1	0	#DIV/0!	#DIV/0!
1	13	8.2	1	1	600	15	19	0.76	-1	1	0	1
1	13	8.2	1	1	600	18	19	0.76	0	1	0.5	0.5
1	13	8.2	1	1	600	20	19	0.76	-1	1	0.333333333	0.666666667
1	13	8.2	1	1	600	22	19	0.76	-14	14	0.058823529	0.941176471
1	13	8.2	1	1	600	25	19	0.76	0	0	0.058823529	0.941176471
1	13	8.2	1	1	600	27	19	0.76	0	0	0.058823529	0.941176471
1	13	8.2	1	1	600	29	19	0.76	-2	2	0.157894737	0.842105263
1	13	8.2	1	1	600	32	0	0	0	-19	#DIV/0!	#DIV/0!
1	13	8.2	1	1	600	34	0	0	0	0	#DIV/0!	#DIV/0!
1	13	8.2	1	1	600	36	0	0	0	0	#DIV/0!	#DIV/0!
1	13	8.2	1	2	250	0	25	1	0	0	#DIV/0!	#DIV/0!
1	13	8.2	1	2	250	4	22	0.88	0	0	#DIV/0!	#DIV/0!
1	13	8.2	1	2	250	6	22	0.88	0	0	#DIV/0!	#DIV/0!
1	13	8.2	1	2	250	8	22	0.88	0	0	#DIV/0!	#DIV/0!
1	13	8.2	1	2	250	11	22	0.88	20	0	#DIV/0!	#DIV/0!
1	13	8.2	1	2	250	13	22	0.88	0	0	#DIV/0!	#DIV/0!
1	13	8.2	1	2	250	15	22	0.88	0	0	#DIV/0!	#DIV/0!
1	13	8.2	1	2	250	18	22	0.88	-16	18	0.222222222	0.777777778
1	13	8.2	1	2	250	20	22	0.88	-3	3	0.333333333	0.666666667
1	13	8.2	1	2	250	22	22	0.88	0	0	0.333333333	0.666666667
1	13	8.2	1	2	250	25	22	0.88	0	0	0.333333333	0.666666667
1	13	8.2	1	2	250	27	22	0.88	0	0	0.333333333	0.666666667
1	13	8.2	1	2	250	29	22	0.88	0	0	0.333333333	0.666666667
1	13	8.2	1	2	250	32	22	0.88	-1	1	0.363636364	0.636363636
1	13	8.2	1	2	250	34	0	0	0	-22	#DIV/0!	#DIV/0!
1	13	8.2	1	2	250	36	0	0	0	0	#DIV/0!	#DIV/0!
1	13	8.2	1	3	0	0	25	1	0	0	#DIV/0!	#DIV/0!
1	13	8.2	1	3	0	4	10	0.4	0	0	#DIV/0!	#DIV/0!
1	13	8.2	1	3	0	6	10	0.4	0	0	#DIV/0!	#DIV/0!
1	13	8.2	1	3	0	8	8	0.32	0	0	#DIV/0!	#DIV/0!
1	13	8.2	1	3	0	11	5	0.2	0	0	#DIV/0!	#DIV/0!
1	13	8.2	1	3	0	13	5	0.2	0	0	#DIV/0!	#DIV/0!
1	13	8.2	1	3	0	15	3	0.12	0	0	#DIV/0!	#DIV/0!
1	13	8.2	1	3	0	18	1	0.04	0	0	#DIV/0!	#DIV/0!
1	13	8.2	1	3	0	20	1E-12	4E-14	0	0	#DIV/0!	#DIV/0!
1	13	8.2	1	3	0	22	0	0	0	0	#DIV/0!	#DIV/0!
1	13	8.2	1	3	0	25	0	0	0	0	#DIV/0!	#DIV/0!
1	13	8.2	1	3	0	27	0	0	0	0	#DIV/0!	#DIV/0!
1	13	8.2	1	3	0	29	0	0	0	0	#DIV/0!	#DIV/0!
1	13	8.2	1	3	0	32	0	0	0	0	#DIV/0!	#DIV/0!
1	13	8.2	1	3	0	34	0	0	0	0	#DIV/0!	#DIV/0!
1	13	8.2	1	3	0	36	0	0	0	0	#DIV/0!	#DIV/0!
1	13	8.2	2	1	600	0	26	1	0	0	#DIV/0!	#DIV/0!
1	13	8.2	2	1	600	4	26	1	0	0	#DIV/0!	#DIV/0!
1	13	8.2	2	1	600	6	26	1	0	0	#DIV/0!	#DIV/0!
1	13	8.2	2	1	600	8	26	1	2	0	#DIV/0!	#DIV/0!
1	13	8.2	2	1	600	11	26	1	22	0	#DIV/0!	#DIV/0!
1	13	8.2	2	1	600	13	26	1	0	0	#DIV/0!	#DIV/0!
1	13	8.2	2	1	600	15	25	0.961538462	-4	4	0.5	0.5
1	13	8.2	2	1	600	18	25	0.961538462	-5	5	0.777777778	0.222222222
1	13	8.2	2	1	600	20	25	0.961538462	-1	1	0.8	0.2
1	13	8.2	2	1	600	22	25	0.961538462	-13	13	0.347826087	0.652173913
1	13	8.2	2	1	600	25	24	0.923076923	-1	1	0.333333333	0.666666667
1	13	8.2	2	1	600	27	0	0	0	-24	#DIV/0!	#DIV/0!
1	13	8.2	2	1	600	29	0	0	0	0	#DIV/0!	#DIV/0!
1	13	8.2	2	1	600	32	0	0	0	0	#DIV/0!	#DIV/0!
1	13	8.2	2	1	600	34	0	0	0	0	#DIV/0!	#DIV/0!
1	13	8.2	2	1	600	36	0	0	0	0	#DIV/0!	#DIV/0!
1	13	8.2	2	2	250	0	31	1	0	0	#DIV/0!	#DIV/0!
1	13	8.2	2	2	250	4	31	1	0	0	#DIV/0!	#DIV/0!
1	13	8.2	2	2	250	6	31	1	0	0	#DIV/0!	#DIV/0!
1	13	8.2	2	2	250	8	31	1	30	0	#DIV/0!	#DIV/0!
1	13	8.2	2	2	250	11	30	0.967741935	-1	0	#DIV/0!	#DIV/0!
1	13	8.2	2	2	250	13	30	0.967741935	0	0	#DIV/0!	#DIV/0!
1	13	8.2	2	2	250	15	30	0.967741935	-24	25	0.24	0.76
1	13	8.2	2	2	250	18	30	0.967741935	0	0	0.24	0.76
1	13	8.2	2	2	250	20	30	0.967741935	-5	5	0.3	0.7
1	13	8.2	2	2	250	22	0	0	0	-30	#DIV/0!	#DIV/0!
1	13	8.2	2	2	250	25	0	0	0	0	#DIV/0!	#DIV/0!
1	13	8.2	2	2	250	27	0	0	0	0	#DIV/0!	#DIV/0!
1	13	8.2	2	2	250	29	0	0	0	0	#DIV/0!	#DIV/0!
1	13	8.2	2	2	250	32	0	0	0	0	#DIV/0!	#DIV/0!
1	13	8.2	2	2	250	34	0	0	0	0	#DIV/0!	#DIV/0!
1	13	8.2	2	2	250	36	0	0	0	0	#DIV/0!	#DIV/0!
1	13	8.2	2	3	0	0	25	1	0	0	#DIV/0!	#DIV/0!
1	13	8.2	2	3	0	4	12	0.48	0	0	#DIV/0!	#DIV/0!
1	13	8.2	2	3	0	6	11	0.44	0	0	#DIV/0!	#DIV/0!
1	13	8.2	2	3	0	8	11	0.44	0	0	#DIV/0!	#DIV/0!
1	13	8.2	2	3	0	11	11	0.44	0	0	#DIV/0!	#DIV/0!
1	13	8.2	2	3	0	13	11	0.44	0	0	#DIV/0!	#DIV/0!
1	13	8.2	2	3	0	15	8	0.32	0	0	#DIV/0!	#DIV/0!
1	13	8.2	2	3	0	18	4	0.16	0	0	#DIV/0!	#DIV/0!
1	13	8.2	2	3	0	20	1E-13	4E-15	0	0	#DIV/0!	#DIV/0!
1	13	8.2	2	3	0	22	0	0	0	0	#DIV/0!	#DIV/0!
1	13	8.2	2	3	0	25	0	0	0	0	#DIV/0!	#DIV/0!
1	13	8.2	2	3	0	27	0	0	0	0	#DIV/0!	#DIV/0!
1	13	8.2	2	3	0	29	0	0	0	0	#DIV/0!	#DIV/0!
1	13	8.2	2	3	0	32	0	0	0	0	#DIV/0!	#DIV/0!
1	13	8.2	2	3	0	34	0	0	0	0	#DIV/0!	#DIV/0!
1	13	8.2	2	3	0	36	0	0	0	0	#DIV/0!	#DIV/0!
1	13	8.2	3	1	600	0	25	1	0	0	#DIV/0!	#DIV/0!
1	13	8.2	3	1	600	4	25	1	0	0	#DIV/0!	#DIV/0!
1	13	8.2	3	1	600	6	25	1	0	0	#DIV/0!	#DIV/0!
1	13	8.2	3	1	600	8	25	1	0	0	#DIV/0!	#DIV/0!
1	13	8.2	3	1	600	11	23	0.92	21	0	#DIV/0!	#DIV/0!
1	13	8.2	3	1	600	13	21	0.84	-1	0	#DIV/0!	#DIV/0!
1	13	8.2	3	1	600	15	21	0.84	0	0	#DIV/0!	#DIV/0!
1	13	8.2	3	1	600	18	21	0.84	-5	6	0.5	0.5
1	13	8.2	3	1	600	20	21	0.84	-5	5	0.454545455	0.545454545
1	13	8.2	3	1	600	22	21	0.84	-10	10	0.285714286	0.714285714
1	13	8.2	3	1	600	25	0	0	0	-21	#DIV/0!	#DIV/0!
1	13	8.2	3	1	600	27	0	0	0	0	#DIV/0!	#DIV/0!
1	13	8.2	3	1	600	29	0	0	0	0	#DIV/0!	#DIV/0!
1	13	8.2	3	1	600	32	0	0	0	0	#DIV/0!	#DIV/0!
1	13	8.2	3	1	600	34	0	0	0	0	#DIV/0!	#DIV/0!
1	13	8.2	3	1	600	36	0	0	0	0	#DIV/0!	#DIV/0!
1	13	8.2	3	2	250	0	25	1	0	0	#DIV/0!	#DIV/0!
1	13	8.2	3	2	250	4	19	0.76	0	0	#DIV/0!	#DIV/0!
1	13	8.2	3	2	250	6	19	0.76	0	0	#DIV/0!	#DIV/0!
1	13	8.2	3	2	250	8	19	0.76	0	0	#DIV/0!	#DIV/0!
1	13	8.2	3	2	250	11	18	0.72	16	0	#DIV/0!	#DIV/0!
1	13	8.2	3	2	250	13	17	0.68	1	0	#DIV/0!	#DIV/0!
1	13	8.2	3	2	250	15	17	0.68	0	0	#DIV/0!	#DIV/0!
1	13	8.2	3	2	250	18	17	0.68	-13	13	0.307692308	0.692307692
1	13	8.2	3	2	250	20	16	0.64	-3	2	0.4	0.6
1	13	8.2	3	2	250	22	15	0.6	-1	0	0.4	0.6
1	13	8.2	3	2	250	25	0	0	0	-15	#DIV/0!	#DIV/0!
1	13	8.2	3	2	250	27	0	0	0	0	#DIV/0!	#DIV/0!
1	13	8.2	3	2	250	29	0	0	0	0	#DIV/0!	#DIV/0!
1	13	8.2	3	2	250	32	0	0	0	0	#DIV/0!	#DIV/0!
1	13	8.2	3	2	250	34	0	0	0	0	#DIV/0!	#DIV/0!
1	13	8.2	3	2	250	36	0	0	0	0	#DIV/0!	#DIV/0!
1	13	8.2	3	3	0	0	25	1	0	0	#DIV/0!	#DIV/0!
1	13	8.2	3	3	0	4	13	0.52	0	0	#DIV/0!	#DIV/0!
1	13	8.2	3	3	0	6	10	0.4	0	0	#DIV/0!	#DIV/0!
1	13	8.2	3	3	0	8	8	0.32	0	0	#DIV/0!	#DIV/0!
1	13	8.2	3	3	0	11	8	0.32	0	0	#DIV/0!	#DIV/0!
1	13	8.2	3	3	0	13	8	0.32	0	0	#DIV/0!	#DIV/0!
1	13	8.2	3	3	0	15	6	0.24	0	0	#DIV/0!	#DIV/0!
1	13	8.2	3	3	0	18	2	0.08	0	0	#DIV/0!	#DIV/0!
1	13	8.2	3	3	0	20	1E-17	4E-19	0	0	#DIV/0!	#DIV/0!
1	13	8.2	3	3	0	22	0	0	0	0	#DIV/0!	#DIV/0!
1	13	8.2	3	3	0	25	0	0	0	0	#DIV/0!	#DIV/0!
1	13	8.2	3	3	0	27	0	0	0	0	#DIV/0!	#DIV/0!
1	13	8.2	3	3	0	29	0	0	0	0	#DIV/0!	#DIV/0!
1	13	8.2	3	3	0	32	0	0	0	0	#DIV/0!	#DIV/0!
1	13	8.2	3	3	0	34	0	0	0	0	#DIV/0!	#DIV/0!
1	13	8.2	3	3	0	36	0	0	0	0	#DIV/0!	#DIV/0!
4	15	7.8	1	1	600	0	25	1	0	0	#DIV/0!	#DIV/0!
4	15	7.8	1	1	600	4	19	0.76	0	0	#DIV/0!	#DIV/0!
4	15	7.8	1	1	600	7	19	0.76	0	0	#DIV/0!	#DIV/0!
4	15	7.8	1	1	600	9	17	0.68	17	0	#DIV/0!	#DIV/0!
4	15	7.8	1	1	600	11	17	0.68	1	0	#DIV/0!	#DIV/0!
4	15	7.8	1	1	600	14	17	0.68	-1	1	0	1
4	15	7.8	1	1	600	16	17	0.68	-15	15	0.1875	0.8125
4	15	7.8	1	1	600	18	17	0.68	-1	1	0.176470588	0.823529412
4	15	7.8	1	1	600	21	0	0	0	-17	#DIV/0!	#DIV/0!
4	15	7.8	1	1	600	23	0	0	0	0	#DIV/0!	#DIV/0!
4	15	7.8	1	1	600	25	0	0	0	0	#DIV/0!	#DIV/0!
4	15	7.8	1	1	600	28	0	0	0	0	#DIV/0!	#DIV/0!
4	15	7.8	1	1	600	30	0	0	0	0	#DIV/0!	#DIV/0!
4	15	7.8	1	1	600	32	0	0	0	0	#DIV/0!	#DIV/0!
4	15	7.8	1	1	600	35	0	0	0	0	#DIV/0!	#DIV/0!
4	15	7.8	1	1	600	37	0	0	0	0	#DIV/0!	#DIV/0!
4	15	7.8	1	2	250	0	25	1	0	0	#DIV/0!	#DIV/0!
4	15	7.8	1	2	250	4	24	0.96	0	0	#DIV/0!	#DIV/0!
4	15	7.8	1	2	250	7	24	0.96	0	0	#DIV/0!	#DIV/0!
4	15	7.8	1	2	250	9	24	0.96	22	0	#DIV/0!	#DIV/0!
4	15	7.8	1	2	250	11	23	0.92	0	0	#DIV/0!	#DIV/0!
4	15	7.8	1	2	250	14	23	0.92	1	0	#DIV/0!	#DIV/0!
4	15	7.8	1	2	250	16	23	0.92	-1	1	0	1
4	15	7.8	1	2	250	18	23	0.92	-5	5	0.333333333	0.666666667
4	15	7.8	1	2	250	21	23	0.92	-17	17	0.47826087	0.52173913
4	15	7.8	1	2	250	23	0	0	0	-23	#DIV/0!	#DIV/0!
4	15	7.8	1	2	250	25	0	0	0	0	#DIV/0!	#DIV/0!
4	15	7.8	1	2	250	28	0	0	0	0	#DIV/0!	#DIV/0!
4	15	7.8	1	2	250	30	0	0	0	0	#DIV/0!	#DIV/0!
4	15	7.8	1	2	250	32	0	0	0	0	#DIV/0!	#DIV/0!
4	15	7.8	1	2	250	35	0	0	0	0	#DIV/0!	#DIV/0!
4	15	7.8	1	2	250	37	0	0	0	0	#DIV/0!	#DIV/0!
4	15	7.8	1	3	0	0	25	1	0	0	#DIV/0!	#DIV/0!
4	15	7.8	1	3	0	4	15	0.6	0	0	#DIV/0!	#DIV/0!
4	15	7.8	1	3	0	7	7	0.28	0	0	#DIV/0!	#DIV/0!
4	15	7.8	1	3	0	9	5	0.2	0	0	#DIV/0!	#DIV/0!
4	15	7.8	1	3	0	11	0	0	0	0	#DIV/0!	#DIV/0!
4	15	7.8	1	3	0	14	0	0	0	0	#DIV/0!	#DIV/0!
4	15	7.8	1	3	0	16	0	0	0	0	#DIV/0!	#DIV/0!
4	15	7.8	1	3	0	18	0	0	0	0	#DIV/0!	#DIV/0!
4	15	7.8	1	3	0	21	0	0	0	0	#DIV/0!	#DIV/0!
4	15	7.8	1	3	0	23	0	0	0	0	#DIV/0!	#DIV/0!
4	15	7.8	1	3	0	25	0	0	0	0	#DIV/0!	#DIV/0!
4	15	7.8	1	3	0	28	0	0	0	0	#DIV/0!	#DIV/0!
4	15	7.8	1	3	0	30	0	0	0	0	#DIV/0!	#DIV/0!
4	15	7.8	1	3	0	32	0	0	0	0	#DIV/0!	#DIV/0!
4	15	7.8	1	3	0	35	0	0	0	0	#DIV/0!	#DIV/0!
4	15	7.8	1	3	600	37	0	0	0	0	#DIV/0!	#DIV/0!
4	15	7.8	2	1	600	0	25	1	0	0	#DIV/0!	#DIV/0!
4	15	7.8	2	1	600	4	23	0.92	0	0	#DIV/0!	#DIV/0!
4	15	7.8	2	1	600	7	23	0.92	1	0	#DIV/0!	#DIV/0!
4	15	7.8	2	1	600	9	23	0.92	20	0	#DIV/0!	#DIV/0!
4	15	7.8	2	1	600	11	23	0.92	2	0	#DIV/0!	#DIV/0!
4	15	7.8	2	1	600	14	23	0.92	-1	1	0	1
4	15	7.8	2	1	600	16	21	0.84	-8	6	0.285714286	0.714285714
4	15	7.8	2	1	600	18	21	0.84	-8	8	0.333333333	0.666666667
4	15	7.8	2	1	600	21	21	0.84	-6	6	0.428571429	0.571428571
4	15	7.8	2	1	600	23	0	0	0	-21	#DIV/0!	#DIV/0!
4	15	7.8	2	1	600	25	0	0	0	0	#DIV/0!	#DIV/0!
4	15	7.8	2	1	600	28	0	0	0	0	#DIV/0!	#DIV/0!
4	15	7.8	2	1	600	30	0	0	0	0	#DIV/0!	#DIV/0!
4	15	7.8	2	1	600	32	0	0	0	0	#DIV/0!	#DIV/0!
4	15	7.8	2	1	600	35	0	0	0	0	#DIV/0!	#DIV/0!
4	15	7.8	2	1	600	37	0	0	0	0	#DIV/0!	#DIV/0!
4	15	7.8	2	2	250	0	25	1	0	0	#DIV/0!	#DIV/0!
4	15	7.8	2	2	250	4	22	0.88	0	0	#DIV/0!	#DIV/0!
4	15	7.8	2	2	250	7	22	0.88	0	0	#DIV/0!	#DIV/0!
4	15	7.8	2	2	250	9	22	0.88	20	0	#DIV/0!	#DIV/0!
4	15	7.8	2	2	250	11	22	0.88	1	0	#DIV/0!	#DIV/0!
4	15	7.8	2	2	250	14	22	0.88	1	0	#DIV/0!	#DIV/0!
4	15	7.8	2	2	250	16	22	0.88	0	0	#DIV/0!	#DIV/0!
4	15	7.8	2	2	250	18	18	0.72	-4	0	#DIV/0!	#DIV/0!
4	15	7.8	2	2	250	21	18	0.72	-17	17	0.647058824	0.352941176
4	15	7.8	2	2	250	23	18	0.72	-1	1	0.611111111	0.388888889
4	15	7.8	2	2	250	25	0	0	0	-18	#DIV/0!	#DIV/0!
4	15	7.8	2	2	250	28	0	0	0	0	#DIV/0!	#DIV/0!
4	15	7.8	2	2	250	30	0	0	0	0	#DIV/0!	#DIV/0!
4	15	7.8	2	2	250	32	0	0	0	0	#DIV/0!	#DIV/0!
4	15	7.8	2	2	250	35	0	0	0	0	#DIV/0!	#DIV/0!
4	15	7.8	2	2	250	37	0	0	0	0	#DIV/0!	#DIV/0!
4	15	7.8	2	3	0	0	25	1	0	0	#DIV/0!	#DIV/0!
4	15	7.8	2	3	0	4	13	0.52	0	0	#DIV/0!	#DIV/0!
4	15	7.8	2	3	0	7	13	0.52	0	0	#DIV/0!	#DIV/0!
4	15	7.8	2	3	0	9	5	0.2	0	0	#DIV/0!	#DIV/0!
4	15	7.8	2	3	0	11	0	0	0	0	#DIV/0!	#DIV/0!
4	15	7.8	2	3	0	14	0	0	0	0	#DIV/0!	#DIV/0!
4	15	7.8	2	3	0	16	0	0	0	0	#DIV/0!	#DIV/0!
4	15	7.8	2	3	0	18	0	0	0	0	#DIV/0!	#DIV/0!
4	15	7.8	2	3	0	21	0	0	0	0	#DIV/0!	#DIV/0!
4	15	7.8	2	3	0	23	0	0	0	0	#DIV/0!	#DIV/0!
4	15	7.8	2	3	0	25	0	0	0	0	#DIV/0!	#DIV/0!
4	15	7.8	2	3	0	28	0	0	0	0	#DIV/0!	#DIV/0!
4	15	7.8	2	3	0	30	0	0	0	0	#DIV/0!	#DIV/0!
4	15	7.8	2	3	0	32	0	0	0	0	#DIV/0!	#DIV/0!
4	15	7.8	2	3	0	35	0	0	0	0	#DIV/0!	#DIV/0!
4	15	7.8	2	3	0	37	0	0	0	0	#DIV/0!	#DIV/0!
4	15	7.8	3	1	600	0	25	1	0	0	#DIV/0!	#DIV/0!
4	15	7.8	3	1	600	4	18	0.72	0	0	#DIV/0!	#DIV/0!
4	15	7.8	3	1	600	7	18	0.72	2	0	#DIV/0!	#DIV/0!
4	15	7.8	3	1	600	9	18	0.72	15	0	#DIV/0!	#DIV/0!
4	15	7.8	3	1	600	11	18	0.72	1	0	#DIV/0!	#DIV/0!
4	15	7.8	3	1	600	14	17	0.68	-2	1	0	1
4	15	7.8	3	1	600	16	17	0.68	-7	7	0.375	0.625
4	15	7.8	3	1	600	18	15	0.6	-8	6	0.357142857	0.642857143
4	15	7.8	3	1	600	21	15	0.6	-1	1	0.333333333	0.666666667
4	15	7.8	3	1	600	23	0	0	0	-15	#DIV/0!	#DIV/0!
4	15	7.8	3	1	600	25	0	0	0	0	#DIV/0!	#DIV/0!
4	15	7.8	3	1	600	28	0	0	0	0	#DIV/0!	#DIV/0!
4	15	7.8	3	1	600	30	0	0	0	0	#DIV/0!	#DIV/0!
4	15	7.8	3	1	600	32	0	0	0	0	#DIV/0!	#DIV/0!
4	15	7.8	3	1	600	35	0	0	0	0	#DIV/0!	#DIV/0!
4	15	7.8	3	1	600	37	0	0	0	0	#DIV/0!	#DIV/0!
4	15	7.8	3	2	250	0	25	1	0	0	#DIV/0!	#DIV/0!
4	15	7.8	3	2	250	4	20	0.8	0	0	#DIV/0!	#DIV/0!
4	15	7.8	3	2	250	7	20	0.8	2	0	#DIV/0!	#DIV/0!
4	15	7.8	3	2	250	9	20	0.8	15	0	#DIV/0!	#DIV/0!
4	15	7.8	3	2	250	11	19	0.76	1	0	#DIV/0!	#DIV/0!
4	15	7.8	3	2	250	14	19	0.76	0	1	0	1
4	15	7.8	3	2	250	16	19	0.76	0	0	0	1
4	15	7.8	3	2	250	18	19	0.76	-14	14	0.4	0.6
4	15	7.8	3	2	250	21	19	0.76	-3	3	0.388888889	0.611111111
4	15	7.8	3	2	250	23	19	0.76	0	0	0.388888889	0.611111111
4	15	7.8	3	2	250	25	19	0.76	0	0	0.388888889	0.611111111
4	15	7.8	3	2	250	28	19	0.76	-1	1	0.368421053	0.631578947
4	15	7.8	3	2	250	30	0	0	0	-19	#DIV/0!	#DIV/0!
4	15	7.8	3	2	250	32	0	0	0	0	#DIV/0!	#DIV/0!
4	15	7.8	3	2	250	35	0	0	0	0	#DIV/0!	#DIV/0!
4	15	7.8	3	2	250	37	0	0	0	0	#DIV/0!	#DIV/0!
4	15	7.8	3	3	0	0	25	1	0	0	#DIV/0!	#DIV/0!
4	15	7.8	3	3	0	4	10	0.4	0	0	#DIV/0!	#DIV/0!
4	15	7.8	3	3	0	7	3	0.12	0	0	#DIV/0!	#DIV/0!
4	15	7.8	3	3	0	9	2	0.08	0	0	#DIV/0!	#DIV/0!
4	15	7.8	3	3	0	11	0	0	0	0	#DIV/0!	#DIV/0!
4	15	7.8	3	3	0	14	0	0	0	0	#DIV/0!	#DIV/0!
4	15	7.8	3	3	0	16	0	0	0	0	#DIV/0!	#DIV/0!
4	15	7.8	3	3	0	18	0	0	0	0	#DIV/0!	#DIV/0!
4	15	7.8	3	3	0	21	0	0	0	0	#DIV/0!	#DIV/0!
4	15	7.8	3	3	0	23	0	0	0	0	#DIV/0!	#DIV/0!
4	15	7.8	3	3	0	25	0	0	0	0	#DIV/0!	#DIV/0!
4	15	7.8	3	3	0	28	0	0	0	0	#DIV/0!	#DIV/0!
4	15	7.8	3	3	0	30	0	0	0	0	#DIV/0!	#DIV/0!
4	15	7.8	3	3	0	32	0	0	0	0	#DIV/0!	#DIV/0!
4	15	7.8	3	3	0	35	0	0	0	0	#DIV/0!	#DIV/0!
4	15	7.8	3	3	0	37	0	0	0	0	#DIV/0!	#DIV/0!
5	13	8.2	1	1	600	0	25	1	0	0	#DIV/0!	#DIV/0!
5	13	8.2	1	1	600	4	25	1	0	0	#DIV/0!	#DIV/0!
5	13	8.2	1	1	600	7	25	1	1	0	#DIV/0!	#DIV/0!
5	13	8.2	1	1	600	9	21	0.84	18	0	#DIV/0!	#DIV/0!
5	13	8.2	1	1	600	11	21	0.84	1	0	#DIV/0!	#DIV/0!
5	13	8.2	1	1	600	14	21	0.84	0	0	#DIV/0!	#DIV/0!
5	13	8.2	1	1	600	16	21	0.84	-6	7	0.285714286	0.714285714
5	13	8.2	1	1	600	18	21	0.84	-12	12	0.368421053	0.631578947
5	13	8.2	1	1	600	21	21	0.84	0	0	0.368421053	0.631578947
5	13	8.2	1	1	600	23	21	0.84	-1	1	0.4	0.6
5	13	8.2	1	1	600	25	21	0.84	0	0	0.4	0.6
5	13	8.2	1	1	600	28	21	0.84	-1	1	0.428571429	0.571428571
5	13	8.2	1	1	600	30	0	0	0	-21	#DIV/0!	#DIV/0!
5	13	8.2	1	1	600	32	0	0	0	0	#DIV/0!	#DIV/0!
5	13	8.2	1	1	600	35	0	0	0	0	#DIV/0!	#DIV/0!
5	13	8.2	1	1	600	37	0	0	0	0	#DIV/0!	#DIV/0!
5	13	8.2	1	2	250	0	25	1	0	0	#DIV/0!	#DIV/0!
5	13	8.2	1	2	250	4	21	0.84	0	0	#DIV/0!	#DIV/0!
5	13	8.2	1	2	250	7	21	0.84	1	0	#DIV/0!	#DIV/0!
5	13	8.2	1	2	250	9	21	0.84	16	0	#DIV/0!	#DIV/0!
5	13	8.2	1	2	250	11	20	0.8	2	0	#DIV/0!	#DIV/0!
5	13	8.2	1	2	250	14	19	0.76	0	0	#DIV/0!	#DIV/0!
5	13	8.2	1	2	250	16	19	0.76	-3	3	0	1
5	13	8.2	1	2	250	18	19	0.76	-7	7	0.4	0.6
5	13	8.2	1	2	250	21	17	0.68	-7	5	0.4	0.6
5	13	8.2	1	2	250	23	17	0.68	-1	1	0.375	0.625
5	13	8.2	1	2	250	25	17	0.68	0	0	0.375	0.625
5	13	8.2	1	2	250	28	17	0.68	-1	1	0.411764706	0.588235294
5	13	8.2	1	2	250	30	0	0	0	-17	#DIV/0!	#DIV/0!
5	13	8.2	1	2	250	32	0	0	0	0	#DIV/0!	#DIV/0!
5	13	8.2	1	2	250	35	0	0	0	0	#DIV/0!	#DIV/0!
5	13	8.2	1	2	250	37	0	0	0	0	#DIV/0!	#DIV/0!
5	13	8.2	1	3	0	0	25	1	0	0	#DIV/0!	#DIV/0!
5	13	8.2	1	3	0	4	13	0.52	0	0	#DIV/0!	#DIV/0!
5	13	8.2	1	3	0	7	11	0.44	0	0	#DIV/0!	#DIV/0!
5	13	8.2	1	3	0	9	4	0.16	0	0	#DIV/0!	#DIV/0!
5	13	8.2	1	3	0	11	0	0	0	0	#DIV/0!	#DIV/0!
5	13	8.2	1	3	0	14	0	0	0	0	#DIV/0!	#DIV/0!
5	13	8.2	1	3	0	16	0	0	0	0	#DIV/0!	#DIV/0!
5	13	8.2	1	3	0	18	0	0	0	0	#DIV/0!	#DIV/0!
5	13	8.2	1	3	0	21	0	0	0	0	#DIV/0!	#DIV/0!
5	13	8.2	1	3	0	23	0	0	0	0	#DIV/0!	#DIV/0!
5	13	8.2	1	3	0	25	0	0	0	0	#DIV/0!	#DIV/0!
5	13	8.2	1	3	0	28	0	0	0	0	#DIV/0!	#DIV/0!
5	13	8.2	1	3	0	30	0	0	0	0	#DIV/0!	#DIV/0!
5	13	8.2	1	3	0	32	0	0	0	0	#DIV/0!	#DIV/0!
5	13	8.2	1	3	0	35	0	0	0	0	#DIV/0!	#DIV/0!
5	13	8.2	1	3	600	37	0	0	0	0	#DIV/0!	#DIV/0!
5	13	8.2	2	1	600	0	25	1	0	0	#DIV/0!	#DIV/0!
5	13	8.2	2	1	600	4	17	0.68	0	0	#DIV/0!	#DIV/0!
5	13	8.2	2	1	600	7	17	0.68	3	0	#DIV/0!	#DIV/0!
5	13	8.2	2	1	600	9	16	0.64	12	0	#DIV/0!	#DIV/0!
5	13	8.2	2	1	600	11	16	0.64	0	0	#DIV/0!	#DIV/0!
5	13	8.2	2	1	600	14	15	0.6	0	0	#DIV/0!	#DIV/0!
5	13	8.2	2	1	600	16	15	0.6	-8	8	0.375	0.625
5	13	8.2	2	1	600	18	15	0.6	-6	6	0.5	0.5
5	13	8.2	2	1	600	21	14	0.56	-1	0	0.5	0.5
5	13	8.2	2	1	600	23	0	0	0	-14	#DIV/0!	#DIV/0!
5	13	8.2	2	1	600	25	0	0	0	0	#DIV/0!	#DIV/0!
5	13	8.2	2	1	600	28	0	0	0	0	#DIV/0!	#DIV/0!
5	13	8.2	2	1	600	30	0	0	0	0	#DIV/0!	#DIV/0!
5	13	8.2	2	1	600	32	0	0	0	0	#DIV/0!	#DIV/0!
5	13	8.2	2	1	600	35	0	0	0	0	#DIV/0!	#DIV/0!
5	13	8.2	2	1	600	37	0	0	0	0	#DIV/0!	#DIV/0!
5	13	8.2	2	2	250	0	25	1	0	0	#DIV/0!	#DIV/0!
5	13	8.2	2	2	250	4	23	0.92	0	0	#DIV/0!	#DIV/0!
5	13	8.2	2	2	250	7	23	0.92	2	0	#DIV/0!	#DIV/0!
5	13	8.2	2	2	250	9	23	0.92	19	0	#DIV/0!	#DIV/0!
5	13	8.2	2	2	250	11	23	0.92	2	0	#DIV/0!	#DIV/0!
5	13	8.2	2	2	250	14	21	0.84	-2	0	#DIV/0!	#DIV/0!
5	13	8.2	2	2	250	16	21	0.84	-1	1	0	1
5	13	8.2	2	2	250	18	21	0.84	-7	7	0.375	0.625
5	13	8.2	2	2	250	21	21	0.84	-12	12	0.5	0.5
5	13	8.2	2	2	250	23	21	0.84	0	0	0.5	0.5
5	13	8.2	2	2	250	25	21	0.84	-1	1	0.523809524	0.476190476
5	13	8.2	2	2	250	28	0	0	0	-21	#DIV/0!	#DIV/0!
5	13	8.2	2	2	250	30	0	0	0	0	#DIV/0!	#DIV/0!
5	13	8.2	2	2	250	32	0	0	0	0	#DIV/0!	#DIV/0!
5	13	8.2	2	2	250	35	0	0	0	0	#DIV/0!	#DIV/0!
5	13	8.2	2	2	250	37	0	0	0	0	#DIV/0!	#DIV/0!
5	13	8.2	2	3	0	0	25	1	0	0	#DIV/0!	#DIV/0!
5	13	8.2	2	3	0	4	15	0.6	0	0	#DIV/0!	#DIV/0!
5	13	8.2	2	3	0	7	7	0.28	0	0	#DIV/0!	#DIV/0!
5	13	8.2	2	3	0	9	4	0.16	0	0	#DIV/0!	#DIV/0!
5	13	8.2	2	3	0	11	0	0	0	0	#DIV/0!	#DIV/0!
5	13	8.2	2	3	0	14	0	0	0	0	#DIV/0!	#DIV/0!
5	13	8.2	2	3	0	16	0	0	0	0	#DIV/0!	#DIV/0!
5	13	8.2	2	3	0	18	0	0	0	0	#DIV/0!	#DIV/0!
5	13	8.2	2	3	0	21	0	0	0	0	#DIV/0!	#DIV/0!
5	13	8.2	2	3	0	23	0	0	0	0	#DIV/0!	#DIV/0!
5	13	8.2	2	3	0	25	0	0	0	0	#DIV/0!	#DIV/0!
5	13	8.2	2	3	0	28	0	0	0	0	#DIV/0!	#DIV/0!
5	13	8.2	2	3	0	30	0	0	0	0	#DIV/0!	#DIV/0!
5	13	8.2	2	3	0	32	0	0	0	0	#DIV/0!	#DIV/0!
5	13	8.2	2	3	0	35	0	0	0	0	#DIV/0!	#DIV/0!
5	13	8.2	2	3	0	37	0	0	0	0	#DIV/0!	#DIV/0!
5	13	8.2	3	1	600	0	25	1	0	0	#DIV/0!	#DIV/0!
5	13	8.2	3	1	600	4	25	1	0	0	#DIV/0!	#DIV/0!
5	13	8.2	3	1	600	7	25	1	1	0	#DIV/0!	#DIV/0!
5	13	8.2	3	1	600	9	25	1	20	0	#DIV/0!	#DIV/0!
5	13	8.2	3	1	600	11	22	0.88	1	0	#DIV/0!	#DIV/0!
5	13	8.2	3	1	600	14	20	0.8	-2	0	#DIV/0!	#DIV/0!
5	13	8.2	3	1	600	16	20	0.8	-6	6	0.166666667	0.833333333
5	13	8.2	3	1	600	18	20	0.8	-12	12	0.277777778	0.722222222
5	13	8.2	3	1	600	21	20	0.8	-2	2	0.3	0.7
5	13	8.2	3	1	600	23	0	0	0	-20	#DIV/0!	#DIV/0!
5	13	8.2	3	1	600	25	0	0	0	0	#DIV/0!	#DIV/0!
5	13	8.2	3	1	600	28	0	0	0	0	#DIV/0!	#DIV/0!
5	13	8.2	3	1	600	30	0	0	0	0	#DIV/0!	#DIV/0!
5	13	8.2	3	1	600	32	0	0	0	0	#DIV/0!	#DIV/0!
5	13	8.2	3	1	600	35	0	0	0	0	#DIV/0!	#DIV/0!
5	13	8.2	3	1	600	37	0	0	0	0	#DIV/0!	#DIV/0!
5	13	8.2	3	2	250	0	32	1	0	0	#DIV/0!	#DIV/0!
5	13	8.2	3	2	250	4	32	1	0	0	#DIV/0!	#DIV/0!
5	13	8.2	3	2	250	7	32	1	1	0	#DIV/0!	#DIV/0!
5	13	8.2	3	2	250	9	30	0.9375	19	0	#DIV/0!	#DIV/0!
5	13	8.2	3	2	250	11	30	0.9375	8	0	#DIV/0!	#DIV/0!
5	13	8.2	3	2	250	14	30	0.9375	2	0	#DIV/0!	#DIV/0!
5	13	8.2	3	2	250	16	28	0.875	-2	0	#DIV/0!	#DIV/0!
5	13	8.2	3	2	250	18	27	0.84375	-6	5	0.2	0.8
5	13	8.2	3	2	250	21	28	0.875	-12	13	0.333333333	0.666666667
5	13	8.2	3	2	250	23	28	0.875	-8	8	0.423076923	0.576923077
5	13	8.2	3	2	250	25	28	0.875	-1	1	0.407407407	0.592592593
5	13	8.2	3	2	250	28	28	0.875	-1	1	0.428571429	0.571428571
5	13	8.2	3	2	250	30	0	0	0	-28	#DIV/0!	#DIV/0!
5	13	8.2	3	2	250	32	0	0	0	0	#DIV/0!	#DIV/0!
5	13	8.2	3	2	250	35	0	0	0	0	#DIV/0!	#DIV/0!
5	13	8.2	3	2	250	37	0	0	0	0	#DIV/0!	#DIV/0!
5	13	8.2	3	3	0	0	25	1	0	0	#DIV/0!	#DIV/0!
5	13	8.2	3	3	0	4	13	0.52	0	0	#DIV/0!	#DIV/0!
5	13	8.2	3	3	0	7	11	0.44	0	0	#DIV/0!	#DIV/0!
5	13	8.2	3	3	0	9	0.000000001	4E-11	0	0	#DIV/0!	#DIV/0!
5	13	8.2	3	3	0	11	0	0	0	0	#DIV/0!	#DIV/0!
5	13	8.2	3	3	0	14	0	0	0	0	#DIV/0!	#DIV/0!
5	13	8.2	3	3	0	16	0	0	0	0	#DIV/0!	#DIV/0!
5	13	8.2	3	3	0	18	0	0	0	0	#DIV/0!	#DIV/0!
5	13	8.2	3	3	0	21	0	0	0	0	#DIV/0!	#DIV/0!
5	13	8.2	3	3	0	23	0	0	0	0	#DIV/0!	#DIV/0!
5	13	8.2	3	3	0	25	0	0	0	0	#DIV/0!	#DIV/0!
5	13	8.2	3	3	0	28	0	0	0	0	#DIV/0!	#DIV/0!
5	13	8.2	3	3	0	30	0	0	0	0	#DIV/0!	#DIV/0!
5	13	8.2	3	3	0	32	0	0	0	0	#DIV/0!	#DIV/0!
5	13	8.2	3	3	0	35	0	0	0	0	#DIV/0!	#DIV/0!
5	13	8.2	3	3	0	37	0	0	0	0	#DIV/0!	#DIV/0!
6	15	7.8	1	1	600	0	25	1	0	0	#DIV/0!	#DIV/0!
6	15	7.8	1	1	600	4	22	0.88	0	0	#DIV/0!	#DIV/0!
6	15	7.8	1	1	600	6	22	0.88	0	0	#DIV/0!	#DIV/0!
6	15	7.8	1	1	600	8	22	0.88	9	0	#DIV/0!	#DIV/0!
6	15	7.8	1	1	600	11	21	0.84	11	0	#DIV/0!	#DIV/0!
6	15	7.8	1	1	600	13	21	0.84	1	0	#DIV/0!	#DIV/0!
6	15	7.8	1	1	600	15	21	0.84	-6	6	0.166666667	0.833333333
6	15	7.8	1	1	600	18	18	0.72	-15	12	0.388888889	0.611111111
6	15	7.8	1	1	600	20	0	0	0	-18	#DIV/0!	#DIV/0!
6	15	7.8	1	1	600	22	0	0	0	0	#DIV/0!	#DIV/0!
6	15	7.8	1	1	600	25	0	0	0	0	#DIV/0!	#DIV/0!
6	15	7.8	1	1	600	27	0	0	0	0	#DIV/0!	#DIV/0!
6	15	7.8	1	1	600	29	0	0	0	0	#DIV/0!	#DIV/0!
6	15	7.8	1	1	600	32	0	0	0	0	#DIV/0!	#DIV/0!
6	15	7.8	1	1	600	34	0	0	0	0	#DIV/0!	#DIV/0!
6	15	7.8	1	1	600	36	0	0	0	0	#DIV/0!	#DIV/0!
6	15	7.8	1	2	250	0	25	1	0	0	#DIV/0!	#DIV/0!
6	15	7.8	1	2	250	4	24	0.96	0	0	#DIV/0!	#DIV/0!
6	15	7.8	1	2	250	6	24	0.96	0	0	#DIV/0!	#DIV/0!
6	15	7.8	1	2	250	8	24	0.96	2	0	#DIV/0!	#DIV/0!
6	15	7.8	1	2	250	11	23	0.92	20	0	#DIV/0!	#DIV/0!
6	15	7.8	1	2	250	13	23	0.92	1	0	#DIV/0!	#DIV/0!
6	15	7.8	1	2	250	15	22	0.88	-4	3	0.666666667	0.333333333
6	15	7.8	1	2	250	18	22	0.88	-16	16	0.473684211	0.526315789
6	15	7.8	1	2	250	20	22	0.88	-3	3	0.545454545	0.454545455
6	15	7.8	1	2	250	22	0	0	0	-22	#DIV/0!	#DIV/0!
6	15	7.8	1	2	250	25	0	0	0	0	#DIV/0!	#DIV/0!
6	15	7.8	1	2	250	27	0	0	0	0	#DIV/0!	#DIV/0!
6	15	7.8	1	2	250	29	0	0	0	0	#DIV/0!	#DIV/0!
6	15	7.8	1	2	250	32	0	0	0	0	#DIV/0!	#DIV/0!
6	15	7.8	1	2	250	34	0	0	0	0	#DIV/0!	#DIV/0!
6	15	7.8	1	2	250	36	0	0	0	0	#DIV/0!	#DIV/0!
6	15	7.8	1	3	0	0	25	1	0	0	#DIV/0!	#DIV/0!
6	15	7.8	1	3	0	4	10	0.4	0	0	#DIV/0!	#DIV/0!
6	15	7.8	1	3	0	6	10	0.4	0	0	#DIV/0!	#DIV/0!
6	15	7.8	1	3	0	8	8	0.32	0	0	#DIV/0!	#DIV/0!
6	15	7.8	1	3	0	11	8	0.32	0	0	#DIV/0!	#DIV/0!
6	15	7.8	1	3	0	13	8	0.32	0	0	#DIV/0!	#DIV/0!
6	15	7.8	1	3	0	15	4	0.16	0	0	#DIV/0!	#DIV/0!
6	15	7.8	1	3	0	18	0.000000001	4E-11	0	0	#DIV/0!	#DIV/0!
6	15	7.8	1	3	0	20	0	0	0	0	#DIV/0!	#DIV/0!
6	15	7.8	1	3	0	22	0	0	0	0	#DIV/0!	#DIV/0!
6	15	7.8	1	3	0	25	0	0	0	0	#DIV/0!	#DIV/0!
6	15	7.8	1	3	0	27	0	0	0	0	#DIV/0!	#DIV/0!
6	15	7.8	1	3	0	29	0	0	0	0	#DIV/0!	#DIV/0!
6	15	7.8	1	3	0	32	0	0	0	0	#DIV/0!	#DIV/0!
6	15	7.8	1	3	0	34	0	0	0	0	#DIV/0!	#DIV/0!
6	15	7.8	1	3	600	36	0	0	0	0	#DIV/0!	#DIV/0!
6	15	7.8	2	1	600	0	25	1	0	0	#DIV/0!	#DIV/0!
6	15	7.8	2	1	600	4	24	0.96	0	0	#DIV/0!	#DIV/0!
6	15	7.8	2	1	600	6	24	0.96	0	0	#DIV/0!	#DIV/0!
6	15	7.8	2	1	600	8	24	0.96	12	0	#DIV/0!	#DIV/0!
6	15	7.8	2	1	600	11	23	0.92	9	0	#DIV/0!	#DIV/0!
6	15	7.8	2	1	600	13	23	0.92	1	0	#DIV/0!	#DIV/0!
6	15	7.8	2	1	600	15	22	0.88	-4	4	0.25	0.75
6	15	7.8	2	1	600	18	16	0.64	-15	9	0.230769231	0.769230769
6	15	7.8	2	1	600	20	16	0.64	-1	1	0.285714286	0.714285714
6	15	7.8	2	1	600	22	16	0.64	-1	1	0.333333333	0.666666667
6	15	7.8	2	1	600	25	16	0.64	0	0	0.333333333	0.666666667
6	15	7.8	2	1	600	27	15	0.6	-1	0	0.333333333	0.666666667
6	15	7.8	2	1	600	29	0	0	0	-15	#DIV/0!	#DIV/0!
6	15	7.8	2	1	600	32	0	0	0	0	#DIV/0!	#DIV/0!
6	15	7.8	2	1	600	34	0	0	0	0	#DIV/0!	#DIV/0!
6	15	7.8	2	1	600	36	0	0	0	0	#DIV/0!	#DIV/0!
6	15	7.8	2	2	250	0	25	1	0	0	#DIV/0!	#DIV/0!
6	15	7.8	2	2	250	4	24	0.96	0	0	#DIV/0!	#DIV/0!
6	15	7.8	2	2	250	6	24	0.96	0	0	#DIV/0!	#DIV/0!
6	15	7.8	2	2	250	8	24	0.96	4	0	#DIV/0!	#DIV/0!
6	15	7.8	2	2	250	11	24	0.96	20	0	#DIV/0!	#DIV/0!
6	15	7.8	2	2	250	13	23	0.92	-1	0	#DIV/0!	#DIV/0!
6	15	7.8	2	2	250	15	23	0.92	-2	2	0	1
6	15	7.8	2	2	250	18	23	0.92	-19	19	0.428571429	0.571428571
6	15	7.8	2	2	250	20	22	0.88	-2	1	0.409090909	0.590909091
6	15	7.8	2	2	250	22	0	0	0	-22	#DIV/0!	#DIV/0!
6	15	7.8	2	2	250	25	0	0	0	0	#DIV/0!	#DIV/0!
6	15	7.8	2	2	250	27	0	0	0	0	#DIV/0!	#DIV/0!
6	15	7.8	2	2	250	29	0	0	0	0	#DIV/0!	#DIV/0!
6	15	7.8	2	2	250	32	0	0	0	0	#DIV/0!	#DIV/0!
6	15	7.8	2	2	250	34	0	0	0	0	#DIV/0!	#DIV/0!
6	15	7.8	2	2	250	36	0	0	0	0	#DIV/0!	#DIV/0!
6	15	7.8	2	3	0	0	25	1	0	0	#DIV/0!	#DIV/0!
6	15	7.8	2	3	0	4	15	0.6	0	0	#DIV/0!	#DIV/0!
6	15	7.8	2	3	0	6	11	0.44	0	0	#DIV/0!	#DIV/0!
6	15	7.8	2	3	0	8	11	0.44	0	0	#DIV/0!	#DIV/0!
6	15	7.8	2	3	0	11	9	0.36	0	0	#DIV/0!	#DIV/0!
6	15	7.8	2	3	0	13	9	0.36	0	0	#DIV/0!	#DIV/0!
6	15	7.8	2	3	0	15	1E-13	4E-15	0	0	#DIV/0!	#DIV/0!
6	15	7.8	2	3	0	18	0	0	0	0	#DIV/0!	#DIV/0!
6	15	7.8	2	3	0	20	0	0	0	0	#DIV/0!	#DIV/0!
6	15	7.8	2	3	0	22	0	0	0	0	#DIV/0!	#DIV/0!
6	15	7.8	2	3	0	25	0	0	0	0	#DIV/0!	#DIV/0!
6	15	7.8	2	3	0	27	0	0	0	0	#DIV/0!	#DIV/0!
6	15	7.8	2	3	0	29	0	0	0	0	#DIV/0!	#DIV/0!
6	15	7.8	2	3	0	32	0	0	0	0	#DIV/0!	#DIV/0!
6	15	7.8	2	3	0	34	0	0	0	0	#DIV/0!	#DIV/0!
6	15	7.8	2	3	0	36	0	0	0	0	#DIV/0!	#DIV/0!
6	15	7.8	3	1	600	0	25	1	0	0	#DIV/0!	#DIV/0!
6	15	7.8	3	1	600	4	21	0.84	0	0	#DIV/0!	#DIV/0!
6	15	7.8	3	1	600	6	21	0.84	0	0	#DIV/0!	#DIV/0!
6	15	7.8	3	1	600	8	21	0.84	17	0	#DIV/0!	#DIV/0!
6	15	7.8	3	1	600	11	21	0.84	2	0	#DIV/0!	#DIV/0!
6	15	7.8	3	1	600	13	20	0.8	1	0	#DIV/0!	#DIV/0!
6	15	7.8	3	1	600	15	20	0.8	-12	12	0.166666667	0.833333333
6	15	7.8	3	1	600	18	19	0.76	-7	6	0.388888889	0.611111111
6	15	7.8	3	1	600	20	19	0.76	0	0	0.388888889	0.611111111
6	15	7.8	3	1	600	22	19	0.76	0	0	0.388888889	0.611111111
6	15	7.8	3	1	600	25	18	0.72	-1	0	0.388888889	0.611111111
6	15	7.8	3	1	600	27	0	0	0	-18	#DIV/0!	#DIV/0!
6	15	7.8	3	1	600	29	0	0	0	0	#DIV/0!	#DIV/0!
6	15	7.8	3	1	600	32	0	0	0	0	#DIV/0!	#DIV/0!
6	15	7.8	3	1	600	34	0	0	0	0	#DIV/0!	#DIV/0!
6	15	7.8	3	1	600	36	0	0	0	0	#DIV/0!	#DIV/0!
6	15	7.8	3	2	250	0	25	1	0	0	#DIV/0!	#DIV/0!
6	15	7.8	3	2	250	4	24	0.96	0	0	#DIV/0!	#DIV/0!
6	15	7.8	3	2	250	6	24	0.96	0	0	#DIV/0!	#DIV/0!
6	15	7.8	3	2	250	8	23	0.92	4	0	#DIV/0!	#DIV/0!
6	15	7.8	3	2	250	11	22	0.88	16	0	#DIV/0!	#DIV/0!
6	15	7.8	3	2	250	13	21	0.84	1	0	#DIV/0!	#DIV/0!
6	15	7.8	3	2	250	15	20	0.8	-5	4	0.25	0.75
6	15	7.8	3	2	250	18	19	0.76	-13	12	0.3125	0.6875
6	15	7.8	3	2	250	20	19	0.76	0	0	0.3125	0.6875
6	15	7.8	3	2	250	22	19	0.76	0	0	0.3125	0.6875
6	15	7.8	3	2	250	25	18	0.72	-1	0	0.3125	0.6875
6	15	7.8	3	2	250	27	18	0.72	-1	1	0.352941176	0.647058824
6	15	7.8	3	2	250	29	18	0.72	0	0	0.352941176	0.647058824
6	15	7.8	3	2	250	32	18	0.72	-1	1	0.388888889	0.611111111
6	15	7.8	3	2	250	34	0	0	0	-18	#DIV/0!	#DIV/0!
6	15	7.8	3	2	250	36	0	0	0	0	#DIV/0!	#DIV/0!
6	15	7.8	3	3	0	0	25	1	0	0	#DIV/0!	#DIV/0!
6	15	7.8	3	3	0	4	20	0.8	0	0	#DIV/0!	#DIV/0!
6	15	7.8	3	3	0	6	13	0.52	0	0	#DIV/0!	#DIV/0!
6	15	7.8	3	3	0	8	13	0.52	0	0	#DIV/0!	#DIV/0!
6	15	7.8	3	3	0	11	11	0.44	0	0	#DIV/0!	#DIV/0!
6	15	7.8	3	3	0	13	8	0.32	0	0	#DIV/0!	#DIV/0!
6	15	7.8	3	3	0	15	2	0.08	0	0	#DIV/0!	#DIV/0!
6	15	7.8	3	3	0	18	1E-15	4E-17	0	0	#DIV/0!	#DIV/0!
6	15	7.8	3	3	0	20	0	0	0	0	#DIV/0!	#DIV/0!
6	15	7.8	3	3	0	22	0	0	0	0	#DIV/0!	#DIV/0!
6	15	7.8	3	3	0	25	0	0	0	0	#DIV/0!	#DIV/0!
6	15	7.8	3	3	0	27	0	0	0	0	#DIV/0!	#DIV/0!
6	15	7.8	3	3	0	29	0	0	0	0	#DIV/0!	#DIV/0!
6	15	7.8	3	3	0	32	0	0	0	0	#DIV/0!	#DIV/0!
6	15	7.8	3	3	0	34	0	0	0	0	#DIV/0!	#DIV/0!
6	15	7.8	3	3	0	36	0	0	0	0	#DIV/0!	#DIV/0!
