Generation	Treatment	Temp	pH	Rep	Beak	time	nx	lx	Ndev	Cdev	F.Ratio	M.Ratio
0	1	13	8.2	1	1	0	25	1	0	0		
0	1	13	8.2	1	1	5	18	0.72	0	0		
0	1	13	8.2	1	1	7	17	0.68	1	0		
0	1	13	8.2	1	1	10	17	0.68	12	0		
0	1	13	8.2	1	1	12	17	0.68	4	0		
0	1	13	8.2	1	1	14	16	0.64	-1	0		
0	1	13	8.2	1	1	17	16	0.64	-2	2	0.5	0.5
0	1	13	8.2	1	1	19	16	0.64	-6	6	0.25	0.75
0	1	13	8.2	1	1	21	15	0.6	-4	3	0.363636364	0.636363636
0	1	13	8.2	1	1	24	15	0.6	-3	3	0.357142857	0.642857143
0	1	13	8.2	1	1	24	14	0.56	-1	0	0.357142857	0.642857143
0	1	13	8.2	1	1	26	0	0	0	-14		
0	1	13	8.2	1	1	28	0	0	0	0		
0	1	13	8.2	1	1	31	0	0	0	0		
0	1	13	8.2	1	1	33	0	0	0	0		
0	1	13	8.2	1	1	35	0	0	0	0		
0	1	13	8.2	1	2	0	25	1	0	0		
0	1	13	8.2	1	2	5	19	0.76	0	0		
0	1	13	8.2	1	2	7	19	0.76	1	0		
0	1	13	8.2	1	2	10	15	0.6	10	0		
0	1	13	8.2	1	2	12	15	0.6	3	0		
0	1	13	8.2	1	2	14	15	0.6	0	0		
0	1	13	8.2	1	2	17	15	0.6	-2	2	1	0
0	1	13	8.2	1	2	19	14	0.56	-5	5	0.428571429	0.571428571
0	1	13	8.2	1	2	21	15	0.6	-6	7	0.5	0.5
0	1	13	8.2	1	2	24	15	0.6	0	0	0.5	0.5
0	1	13	8.2	1	2	24	15	0.6	0	0	0.5	0.5
0	1	13	8.2	1	2	26	15	0.6	0	0	0.5	0.5
0	1	13	8.2	1	2	28	15	0.6	0	0	0.5	0.5
0	1	13	8.2	1	2	31	15	0.6	0	0	0.5	0.5
0	1	13	8.2	1	2	33	0	0	-1	-14		
0	1	13	8.2	1	2	35	0	0	0	0		
0	1	13	8.2	1	3	0	25	1	0	0		
0	1	13	8.2	1	3	5	25	1	0	0		
0	1	13	8.2	1	3	7	21	0.84	0	0		
0	1	13	8.2	1	3	10	21	0.84	16	0		
0	1	13	8.2	1	3	12	21	0.84	3	0		
0	1	13	8.2	1	3	14	21	0.84	0	1	0	1
0	1	13	8.2	1	3	17	20	0.8	0	0	0	1
0	1	13	8.2	1	3	19	18	0.72	-6	4	0.4	0.6
0	1	13	8.2	1	3	21	16	0.64	-9	7	0.416666667	0.583333333
0	1	13	8.2	1	3	24	16	0.64	-2	2	0.5	0.5
0	1	13	8.2	1	3	24	16	0.64	-2	2	0.5625	0.4375
0	1	13	8.2	1	3	26	0	0	0	-16		
0	1	13	8.2	1	3	28	0	0	0	0		
0	1	13	8.2	1	3	31	0	0	0	0		
0	1	13	8.2	1	3	33	0	0	0	0		
0	1	13	8.2	1	3	35	0	0	0	0		
0	1	13	8.2	2	1	0	25	1	0	0		
0	1	13	8.2	2	1	5	17	0.68	0	0		
0	1	13	8.2	2	1	7	16	0.64	0	0		
0	1	13	8.2	2	1	10	16	0.64	9	0		
0	1	13	8.2	2	1	12	14	0.56	4	0		
0	1	13	8.2	2	1	14	14	0.56	0	0		
0	1	13	8.2	2	1	17	14	0.56	-1	2	0.5	0.5
0	1	13	8.2	2	1	19	12	0.48	-8	6	0.375	0.625
0	1	13	8.2	2	1	21	12	0.48	-3	3	0.363636364	0.636363636
0	1	13	8.2	2	1	24	12	0.48	-1	1	0.333333333	0.666666667
0	1	13	8.2	2	1	24	0	0	0	-12		
0	1	13	8.2	2	1	26	0	0	0	0		
0	1	13	8.2	2	1	28	0	0	0	0		
0	1	13	8.2	2	1	31	0	0	0	0		
0	1	13	8.2	2	1	33	0	0	0	0		
0	1	13	8.2	2	1	35	0	0	0	0		
0	1	13	8.2	2	2	0	25	1	0	0		
0	1	13	8.2	2	2	5	25	1	0	0		
0	1	13	8.2	2	2	7	25	1	4	0		
0	1	13	8.2	2	2	10	24	0.96	20	0		
0	1	13	8.2	2	2	12	22	0.88	-2	0		
0	1	13	8.2	2	2	14	22	0.88	0	0		
0	1	13	8.2	2	2	17	22	0.88	-6	6	0.5	0.5
0	1	13	8.2	2	2	19	17	0.68	-15	10	0.3125	0.6875
0	1	13	8.2	2	2	21	17	0.68	-1	1	0.294117647	0.705882353
0	1	13	8.2	2	2	24	0	0	0	-17		
0	1	13	8.2	2	2	24	0	0	0	0		
0	1	13	8.2	2	2	26	0	0	0	0		
0	1	13	8.2	2	2	28	0	0	0	0		
0	1	13	8.2	2	2	31	0	0	0	0		
0	1	13	8.2	2	2	33	0	0	0	0		
0	1	13	8.2	2	2	35	0	0	0	0		
0	1	13	8.2	2	3	0	25	1	0	0		
0	1	13	8.2	2	3	5	25	1	0	0		
0	1	13	8.2	2	3	7	25	1	3	0		
0	1	13	8.2	2	3	10	25	1	17	0		
0	1	13	8.2	2	3	12	17	0.68	-4	0		
0	1	13	8.2	2	3	14	17	0.68	0	0		
0	1	13	8.2	2	3	17	17	0.68	-4	5	0.2	0.8
0	1	13	8.2	2	3	19	16	0.64	-5	4	0.333333333	0.666666667
0	1	13	8.2	2	3	21	15	0.6	-2	1	0.4	0.6
0	1	13	8.2	2	3	24	14	0.56	-5	5	0.4	0.6
0	1	13	8.2	2	3	24	0	0	0	-14		
0	1	13	8.2	2	3	26	0	0	0	0		
0	1	13	8.2	2	3	28	0	0	0	0		
0	1	13	8.2	2	3	31	0	0	0	0		
0	1	13	8.2	2	3	33	0	0	0	0		
0	1	13	8.2	2	3	35	0	0	0	0		
0	1	13	8.2	3	1	0	25	1	0	0		
0	1	13	8.2	3	1	5	25	1	0	0		
0	1	13	8.2	3	1	7	25	1	4	0		
0	1	13	8.2	3	1	10	25	1	16	0		
0	1	13	8.2	3	1	12	20	0.8	0	0		
0	1	13	8.2	3	1	14	20	0.8	0	0		
0	1	13	8.2	3	1	17	20	0.8	-5	5	0.4	0.6
0	1	13	8.2	3	1	19	20	0.8	-9	9	0.5	0.5
0	1	13	8.2	3	1	21	20	0.8	-6	6	0.6	0.4
0	1	13	8.2	3	1	24	0	0	0	-20		
0	1	13	8.2	3	1	24	0	0	0	0		
0	1	13	8.2	3	1	26	0	0	0	0		
0	1	13	8.2	3	1	28	0	0	0	0		
0	1	13	8.2	3	1	31	0	0	0	0		
0	1	13	8.2	3	1	33	0	0	0	0		
0	1	13	8.2	3	1	35	0	0	0	0		
0	1	13	8.2	3	2	0	25	1	0	0		
0	1	13	8.2	3	2	5	25	1	0	0		
0	1	13	8.2	3	2	7	25	1	3	0		
0	1	13	8.2	3	2	10	25	1	21	0		
0	1	13	8.2	3	2	12	25	1	1	0		
0	1	13	8.2	3	2	14	25	1	0	0		
0	1	13	8.2	3	2	17	25	1	-5	5	0.4	0.6
0	1	13	8.2	3	2	19	20	0.8	-15	10	0.4	0.6
0	1	13	8.2	3	2	21	20	0.8	-5	5	0.5	0.5
0	1	13	8.2	3	2	24	0	0	0	-20		
0	1	13	8.2	3	2	24	0	0	0	0		
0	1	13	8.2	3	2	26	0	0	0	0		
0	1	13	8.2	3	2	28	0	0	0	0		
0	1	13	8.2	3	2	31	0	0	0	0		
0	1	13	8.2	3	2	33	0	0	0	0		
0	1	13	8.2	3	2	35	0	0	0	0		
0	1	13	8.2	3	3	0	25	1	0	0		
0	1	13	8.2	3	3	5	25	1	0	0		
0	1	13	8.2	3	3	7	25	1	1	0		
0	1	13	8.2	3	3	10	15	0.6	12	0		
0	1	13	8.2	3	3	12	15	0.6	2	0		
0	1	13	8.2	3	3	14	15	0.6	0	0		
0	1	13	8.2	3	3	17	15	0.6	-2	2	0	1
0	1	13	8.2	3	3	19	15	0.6	-10	10	0.166666667	0.833333333
0	1	13	8.2	3	3	21	15	0.6	-3	3	0.333333333	0.666666667
0	1	13	8.2	3	3	24	0	0	0	-15		
0	1	13	8.2	3	3	24	0	0	0	0		
0	1	13	8.2	3	3	26	0	0	0	0		
0	1	13	8.2	3	3	28	0	0	0	0		
0	1	13	8.2	3	3	31	0	0	0	0		
0	1	13	8.2	3	3	33	0	0	0	0		
0	1	13	8.2	3	3	35	0	0	0	0		
0	1	13	8.2	4	1	0	0		0	0		
0	1	13	8.2	4	1	5	0		0	0		
0	1	13	8.2	4	1	7	0		0	0		
0	1	13	8.2	4	1	10	0		0	0		
0	1	13	8.2	4	1	12	0		0	0		
0	1	13	8.2	4	1	14	0		0	0		
0	1	13	8.2	4	1	17	0		0	0		
0	1	13	8.2	4	1	19	0		0	0		
0	1	13	8.2	4	1	21	0		0	0		
0	1	13	8.2	4	1	24	0		0	0		
0	1	13	8.2	4	1	24	0		0	0		
0	1	13	8.2	4	1	26	0		0	0		
0	1	13	8.2	4	1	28	0		0	0		
0	1	13	8.2	4	1	31	0		0	0		
0	1	13	8.2	4	1	33	0		0	0		
0	1	13	8.2	4	1	35	0		0	0		
0	1	13	8.2	4	2	0	0		0	0		
0	1	13	8.2	4	2	5	0		0	0		
0	1	13	8.2	4	2	7	0		0	0		
0	1	13	8.2	4	2	10	0		0	0		
0	1	13	8.2	4	2	12	0		0	0		
0	1	13	8.2	4	2	14	0		0	0		
0	1	13	8.2	4	2	17	0		0	0		
0	1	13	8.2	4	2	19	0		0	0		
0	1	13	8.2	4	2	21	0		0	0		
0	1	13	8.2	4	2	24	0		0	0		
0	1	13	8.2	4	2	24	0		0	0		
0	1	13	8.2	4	2	26	0		0	0		
0	1	13	8.2	4	2	28	0		0	0		
0	1	13	8.2	4	2	31	0		0	0		
0	1	13	8.2	4	2	33	0		0	0		
0	1	13	8.2	4	2	35	0		0	0		
0	1	13	8.2	4	3	0	0		0	0		
0	1	13	8.2	4	3	5	0		0	0		
0	1	13	8.2	4	3	7	0		0	0		
0	1	13	8.2	4	3	10	0		0	0		
0	1	13	8.2	4	3	12	0		0	0		
0	1	13	8.2	4	3	14	0		0	0		
0	1	13	8.2	4	3	17	0		0	0		
0	1	13	8.2	4	3	19	0		0	0		
0	1	13	8.2	4	3	21	0		0	0		
0	1	13	8.2	4	3	24	0		0	0		
0	1	13	8.2	4	3	24	0		0	0		
0	1	13	8.2	4	3	26	0		0	0		
0	1	13	8.2	4	3	28	0		0	0		
0	1	13	8.2	4	3	31	0		0	0		
0	1	13	8.2	4	3	33	0		0	0		
0	1	13	8.2	4	3	35	0		0	0		
0	2	13	7.8	1	1	0	25	1	0	0		
0	2	13	7.8	1	1	5	25	1	0	0		
0	2	13	7.8	1	1	7	18	0.72	0	0		
0	2	13	7.8	1	1	10	18	0.72	16	0		
0	2	13	7.8	1	1	12	13	0.52	-3	0		
0	2	13	7.8	1	1	14	10	0.4	-3	0		
0	2	13	7.8	1	1	17	10	0.4	-1	1	0	1
0	2	13	7.8	1	1	19	9	0.36	-8	7	0.5	0.5
0	2	13	7.8	1	1	21	9	0.36	0	0	0.5	0.5
0	2	13	7.8	1	1	24	8	0.32	-1	0	0.5	0.5
0	2	13	7.8	1	1	24	0	0	0	-8		
0	2	13	7.8	1	1	26	0	0	0	0		
0	2	13	7.8	1	1	28	0	0	0	0		
0	2	13	7.8	1	1	31	0	0	0	0		
0	2	13	7.8	1	1	33	0	0	0	0		
0	2	13	7.8	1	1	35	0	0	0	0		
0	2	13	7.8	1	2	0	25	1	0	0		
0	2	13	7.8	1	2	5	20	0.8	0	0		
0	2	13	7.8	1	2	7	20	0.8	0	0		
0	2	13	7.8	1	2	10	20	0.8	19	0		
0	2	13	7.8	1	2	12	19	0.76	0	0		
0	2	13	7.8	1	2	14	21	0.84	0	2	0	1
0	2	13	7.8	1	2	17	19	0.76	-2	0	0	1
0	2	13	7.8	1	2	19	16	0.64	-12	9	0.363636364	0.636363636
0	2	13	7.8	1	2	21	16	0.64	-3	3	0.357142857	0.642857143
0	2	13	7.8	1	2	24	16	0.64	0	0	0.357142857	0.642857143
0	2	13	7.8	1	2	24	16	0.64	0	0	0.357142857	0.642857143
0	2	13	7.8	1	2	26	16	0.64	-1	1	0.4	0.6
0	2	13	7.8	1	2	28	0	0	-1	-15		
0	2	13	7.8	1	2	31	0	0	0	0		
0	2	13	7.8	1	2	33	0	0	0	0		
0	2	13	7.8	1	2	35	0	0	0	0		
0	2	13	7.8	1	3	0	25	1	0	0		
0	2	13	7.8	1	3	5	20	0.8	0	0		
0	2	13	7.8	1	3	7	17	0.68	0	0		
0	2	13	7.8	1	3	10	17	0.68	11	0		
0	2	13	7.8	1	3	12	14	0.56	3	0		
0	2	13	7.8	1	3	14	14	0.56	0	0		
0	2	13	7.8	1	3	17	14	0.56	-4	4	0.75	0.25
0	2	13	7.8	1	3	19	12	0.48	-6	4	0.875	0.125
0	2	13	7.8	1	3	21	12	0.48	-4	4	0.75	0.25
0	2	13	7.8	1	3	24	0	0	0	-12		
0	2	13	7.8	1	3	24	0	0	0	0		
0	2	13	7.8	1	3	26	0	0	0	0		
0	2	13	7.8	1	3	28	0	0	0	0		
0	2	13	7.8	1	3	31	0	0	0	0		
0	2	13	7.8	1	3	33	0	0	0	0		
0	2	13	7.8	1	3	35	0	0	0	0		
0	2	13	7.8	2	1	0	25	1	0	0		
0	2	13	7.8	2	1	5	25	1	0	0		
0	2	13	7.8	2	1	7	25	1	1	0		
0	2	13	7.8	2	1	10	25	1	16	0		
0	2	13	7.8	2	1	12	25	1	8	0		
0	2	13	7.8	2	1	14	25	1	-2	2	0	1
0	2	13	7.8	2	1	17	25	1	-14	14	0.4375	0.5625
0	2	13	7.8	2	1	19	25	1	-6	6	0.454545455	0.545454545
0	2	13	7.8	2	1	21	24	0.96	-3	2	0.5	0.5
0	2	13	7.8	2	1	24	0	0	0	-24		
0	2	13	7.8	2	1	24	0	0	0	0		
0	2	13	7.8	2	1	26	0	0	0	0		
0	2	13	7.8	2	1	28	0	0	0	0		
0	2	13	7.8	2	1	31	0	0	0	0		
0	2	13	7.8	2	1	33	0	0	0	0		
0	2	13	7.8	2	1	35	0	0	0	0		
0	2	13	7.8	2	2	0	25	1	0	0		
0	2	13	7.8	2	2	5	21	0.84	0	0		
0	2	13	7.8	2	2	7	21	0.84	0	0		
0	2	13	7.8	2	2	10	21	0.84	19	0		
0	2	13	7.8	2	2	12	21	0.84	2	0		
0	2	13	7.8	2	2	14	21	0.84	0	0		
0	2	13	7.8	2	2	17	21	0.84	-1	1	0	1
0	2	13	7.8	2	2	19	18	0.72	-14	11	0.5	0.5
0	2	13	7.8	2	2	21	18	0.72	-3	3	0.533333333	0.466666667
0	2	13	7.8	2	2	24	18	0.72	-3	3	0.611111111	0.388888889
0	2	13	7.8	2	2	24	0	0	0	-18		
0	2	13	7.8	2	2	26	0	0	0	0		
0	2	13	7.8	2	2	28	0	0	0	0		
0	2	13	7.8	2	2	31	0	0	0	0		
0	2	13	7.8	2	2	33	0	0	0	0		
0	2	13	7.8	2	2	35	0	0	0	0		
0	2	13	7.8	2	3	0	25	1	0	0		
0	2	13	7.8	2	3	5	25	1	0	0		
0	2	13	7.8	2	3	7	25	1	0	0		
0	2	13	7.8	2	3	10	25	1	22	0		
0	2	13	7.8	2	3	12	25	1	1	0		
0	2	13	7.8	2	3	14	25	1	0	0		
0	2	13	7.8	2	3	17	25	1	1	1	0	1
0	2	13	7.8	2	3	19	25	1	-11	11	0.75	0.25
0	2	13	7.8	2	3	21	18	0.72	-10	3	0.666666667	0.333333333
0	2	13	7.8	2	3	24	18	0.72	-2	2	0.705882353	0.294117647
0	2	13	7.8	2	3	24	17	0.68	-1	0	0.705882353	0.294117647
0	2	13	7.8	2	3	26	0	0	0	-17		
0	2	13	7.8	2	3	28	0	0	0	0		
0	2	13	7.8	2	3	31	0	0	0	0		
0	2	13	7.8	2	3	33	0	0	0	0		
0	2	13	7.8	2	3	35	0	0	0	0		
0	2	13	7.8	3	1	0	25	1	0	0		
0	2	13	7.8	3	1	5	17	0.68	0	0		
0	2	13	7.8	3	1	7	17	0.68	1	0		
0	2	13	7.8	3	1	10	10	0.4	9	0		
0	2	13	7.8	3	1	12	10	0.4	0	0		
0	2	13	7.8	3	1	14	10	0.4	0	0		
0	2	13	7.8	3	1	17	10	0.4	-1	1	0	1
0	2	13	7.8	3	1	19	10	0.4	-7	7	0.5	0.5
0	2	13	7.8	3	1	21	10	0.4	0	0	0.5	0.5
0	2	13	7.8	3	1	24	9	0.36	-1	0	0.5	0.5
0	2	13	7.8	3	1	24	9	0.36	0	0	0.5	0.5
0	2	13	7.8	3	1	26	9	0.36	0	0	0.5	0.5
0	2	13	7.8	3	1	28	9	0.36	-1	1	0.444444444	0.555555556
0	2	13	7.8	3	1	31	0	0	0	-9		
0	2	13	7.8	3	1	33	0	0	0	0		
0	2	13	7.8	3	1	35	0	0	0	0		
0	2	13	7.8	3	2	0	25	1	0	0		
0	2	13	7.8	3	2	5	17	0.68	0	0		
0	2	13	7.8	3	2	7	17	0.68	0	0		
0	2	13	7.8	3	2	10	10	0.4	6	0		
0	2	13	7.8	3	2	12	9	0.36	3	0		
0	2	13	7.8	3	2	14	9	0.36	0	0		
0	2	13	7.8	3	2	17	9	0.36	-1	1	0	1
0	2	13	7.8	3	2	19	6	0.24	-5	2	0.333333333	0.666666667
0	2	13	7.8	3	2	21	6	0.24	-2	2	0.4	0.6
0	2	13	7.8	3	2	24	6	0.24	-1	1	0.333333333	0.666666667
0	2	13	7.8	3	2	24	0	0	0	-6		
0	2	13	7.8	3	2	26	0	0	0	0		
0	2	13	7.8	3	2	28	0	0	0	0		
0	2	13	7.8	3	2	31	0	0	0	0		
0	2	13	7.8	3	2	33	0	0	0	0		
0	2	13	7.8	3	2	35	0	0	0	0		
0	2	13	7.8	3	3	0	25	1	0	0		
0	2	13	7.8	3	3	5	20	0.8	0	0		
0	2	13	7.8	3	3	7	20	0.8	0	0		
0	2	13	7.8	3	3	10	20	0.8	14	0		
0	2	13	7.8	3	3	12	15	0.6	1	0		
0	2	13	7.8	3	3	14	15	0.6	0	0		
0	2	13	7.8	3	3	17	15	0.6	-1	1	0	1
0	2	13	7.8	3	3	19	9	0.36	-13	7	0.5	0.5
0	2	13	7.8	3	3	21	9	0.36	-1	1	0.444444444	0.555555556
0	2	13	7.8	3	3	24	0	0	0	-9		
0	2	13	7.8	3	3	24	0	0	0	0		
0	2	13	7.8	3	3	26	0	0	0	0		
0	2	13	7.8	3	3	28	0	0	0	0		
0	2	13	7.8	3	3	31	0	0	0	0		
0	2	13	7.8	3	3	33	0	0	0	0		
0	2	13	7.8	3	3	35	0	0	0	0		
0	2	13	7.8	4	1	0	0		0	0		
0	2	13	7.8	4	1	5	0		0	0		
0	2	13	7.8	4	1	7	0		0	0		
0	2	13	7.8	4	1	10	0		0	0		
0	2	13	7.8	4	1	12	0		0	0		
0	2	13	7.8	4	1	14	0		0	0		
0	2	13	7.8	4	1	17	0		0	0		
0	2	13	7.8	4	1	19	0		0	0		
0	2	13	7.8	4	1	21	0		0	0		
0	2	13	7.8	4	1	24	0		0	0		
0	2	13	7.8	4	1	24	0		0	0		
0	2	13	7.8	4	1	26	0		0	0		
0	2	13	7.8	4	1	28	0		0	0		
0	2	13	7.8	4	1	31	0		0	0		
0	2	13	7.8	4	1	33	0		0	0		
0	2	13	7.8	4	1	35	0		0	0		
0	2	13	7.8	4	2	0	0		0	0		
0	2	13	7.8	4	2	5	0		0	0		
0	2	13	7.8	4	2	7	0		0	0		
0	2	13	7.8	4	2	10	0		0	0		
0	2	13	7.8	4	2	12	0		0	0		
0	2	13	7.8	4	2	14	0		0	0		
0	2	13	7.8	4	2	17	0		0	0		
0	2	13	7.8	4	2	19	0		0	0		
0	2	13	7.8	4	2	21	0		0	0		
0	2	13	7.8	4	2	24	0		0	0		
0	2	13	7.8	4	2	24	0		0	0		
0	2	13	7.8	4	2	26	0		0	0		
0	2	13	7.8	4	2	28	0		0	0		
0	2	13	7.8	4	2	31	0		0	0		
0	2	13	7.8	4	2	33	0		0	0		
0	2	13	7.8	4	2	35	0		0	0		
0	2	13	7.8	4	3	0	0		0	0		
0	2	13	7.8	4	3	5	0		0	0		
0	2	13	7.8	4	3	7	0		0	0		
0	2	13	7.8	4	3	10	0		0	0		
0	2	13	7.8	4	3	12	0		0	0		
0	2	13	7.8	4	3	14	0		0	0		
0	2	13	7.8	4	3	17	0		0	0		
0	2	13	7.8	4	3	19	0		0	0		
0	2	13	7.8	4	3	21	0		0	0		
0	2	13	7.8	4	3	24	0		0	0		
0	2	13	7.8	4	3	24	0		0	0		
0	2	13	7.8	4	3	26	0		0	0		
0	2	13	7.8	4	3	28	0		0	0		
0	2	13	7.8	4	3	31	0		0	0		
0	2	13	7.8	4	3	33	0		0	0		
0	2	13	7.8	4	3	35	0		0	0		
0	3	15	8.2	1	1	0	25	1	0	0		
0	3	15	8.2	1	1	5	20	0.8	0	0		
0	3	15	8.2	1	1	7	20	0.8	8	0		
0	3	15	8.2	1	1	10	20	0.8	3	0		
0	3	15	8.2	1	1	12	20	0.8	9	0		
0	3	15	8.2	1	1	14	19	0.76	-1	0		
0	3	15	8.2	1	1	17	19	0.76	-16	16	0.4375	0.5625
0	3	15	8.2	1	1	19	17	0.68	-3	1	0.411764706	0.588235294
0	3	15	8.2	1	1	21	0	0	0	-17		
0	3	15	8.2	1	1	24	0	0	0	0		
0	3	15	8.2	1	1	24	0	0	0	0		
0	3	15	8.2	1	1	26	0	0	0	0		
0	3	15	8.2	1	1	28	0	0	0	0		
0	3	15	8.2	1	1	31	0	0	0	0		
0	3	15	8.2	1	1	33	0	0	0	0		
0	3	15	8.2	1	1	35	0	0	0	0		
0	3	15	8.2	1	2	0	25	1	0	0		
0	3	15	8.2	1	2	5	14	0.56	0	0		
0	3	15	8.2	1	2	7	14	0.56	2	0		
0	3	15	8.2	1	2	10	14	0.56	11	0		
0	3	15	8.2	1	2	12	12	0.48	-1	0		
0	3	15	8.2	1	2	14	12	0.48	0	0		
0	3	15	8.2	1	2	17	12	0.48	-6	6	0.5	0.5
0	3	15	8.2	1	2	19	11	0.44	-4	3	0.555555556	0.444444444
0	3	15	8.2	1	2	21	11	0.44	-2	2	0.545454545	0.454545455
0	3	15	8.2	1	2	24	0	0	0	-11		
0	3	15	8.2	1	2	24	0	0	0	0		
0	3	15	8.2	1	2	26	0	0	0	0		
0	3	15	8.2	1	2	28	0	0	0	0		
0	3	15	8.2	1	2	31	0	0	0	0		
0	3	15	8.2	1	2	33	0	0	0	0		
0	3	15	8.2	1	2	35	0	0	0	0		
0	3	15	8.2	1	3	0	25	1	0	0		
0	3	15	8.2	1	3	5	25	1	0	0		
0	3	15	8.2	1	3	7	25	1	4	0		
0	3	15	8.2	1	3	10	25	1	18	0		
0	3	15	8.2	1	3	12	17	0.68	-5	0		
0	3	15	8.2	1	3	14	17	0.68	0	0		
0	3	15	8.2	1	3	17	13	0.52	-11	7	0.714285714	0.285714286
0	3	15	8.2	1	3	19	8	0.32	-6	1	0.625	0.375
0	3	15	8.2	1	3	21	0	0	0	-8		
0	3	15	8.2	1	3	24	0	0	0	0		
0	3	15	8.2	1	3	24	0	0	0	0		
0	3	15	8.2	1	3	26	0	0	0	0		
0	3	15	8.2	1	3	28	0	0	0	0		
0	3	15	8.2	1	3	31	0	0	0	0		
0	3	15	8.2	1	3	33	0	0	0	0		
0	3	15	8.2	1	3	35	0	0	0	0		
0	3	15	8.2	2	1	0	25	1	0	0		
0	3	15	8.2	2	1	5	17	0.68	0	0		
0	3	15	8.2	2	1	7	17	0.68	7	0		
0	3	15	8.2	2	1	10	16	0.64	8	0		
0	3	15	8.2	2	1	12	17	0.68	2	0		
0	3	15	8.2	2	1	14	16	0.64	-1	0		
0	3	15	8.2	2	1	17	15	0.6	-15	14	0.785714286	0.214285714
0	3	15	8.2	2	1	19	14	0.56	-1	0	0.785714286	0.214285714
0	3	15	8.2	2	1	21	0	0	0	-14		
0	3	15	8.2	2	1	24	0	0	0	0		
0	3	15	8.2	2	1	24	0	0	0	0		
0	3	15	8.2	2	1	26	0	0	0	0		
0	3	15	8.2	2	1	28	0	0	0	0		
0	3	15	8.2	2	1	31	0	0	0	0		
0	3	15	8.2	2	1	33	0	0	0	0		
0	3	15	8.2	2	1	35	0	0	0	0		
0	3	15	8.2	2	2	0	25	1	0	0		
0	3	15	8.2	2	2	5	17	0.68	0	0		
0	3	15	8.2	2	2	7	17	0.68	2	0		
0	3	15	8.2	2	2	10	17	0.68	15	0		
0	3	15	8.2	2	2	12	17	0.68	0	0		
0	3	15	8.2	2	2	14	17	0.68	0	0		
0	3	15	8.2	2	2	17	15	0.6	-14	12	0.333333333	0.666666667
0	3	15	8.2	2	2	19	15	0.6	-3	3	0.466666667	0.533333333
0	3	15	8.2	2	2	21	0	0	0	-15		
0	3	15	8.2	2	2	24	0	0	0	0		
0	3	15	8.2	2	2	24	0	0	0	0		
0	3	15	8.2	2	2	26	0	0	0	0		
0	3	15	8.2	2	2	28	0	0	0	0		
0	3	15	8.2	2	2	31	0	0	0	0		
0	3	15	8.2	2	2	33	0	0	0	0		
0	3	15	8.2	2	2	35	0	0	0	0		
0	3	15	8.2	2	3	0	25	1	0	0		
0	3	15	8.2	2	3	5	25	1	0	0		
0	3	15	8.2	2	3	7	25	1	8	0		
0	3	15	8.2	2	3	10	25	1	16	0		
0	3	15	8.2	2	3	12	15	0.6	-9	0		
0	3	15	8.2	2	3	14	15	0.6	0	0		
0	3	15	8.2	2	3	17	12	0.48	-13	10	0.6	0.4
0	3	15	8.2	2	3	19	10	0.4	-2	0	0.6	0.4
0	3	15	8.2	2	3	21	0	0	0	-10		
0	3	15	8.2	2	3	24	0	0	0	0		
0	3	15	8.2	2	3	24	0	0	0	0		
0	3	15	8.2	2	3	26	0	0	0	0		
0	3	15	8.2	2	3	28	0	0	0	0		
0	3	15	8.2	2	3	31	0	0	0	0		
0	3	15	8.2	2	3	33	0	0	0	0		
0	3	15	8.2	2	3	35	0	0	0	0		
0	3	15	8.2	3	1	0	25	1	0	0		
0	3	15	8.2	3	1	5	14	0.56	1	0		
0	3	15	8.2	3	1	7	14	0.56	5	0		
0	3	15	8.2	3	1	10	14	0.56	7	0		
0	3	15	8.2	3	1	12	14	0.56	1	0		
0	3	15	8.2	3	1	14	14	0.56	0	0		
0	3	15	8.2	3	1	17	11	0.44	-12	9	0.555555556	0.444444444
0	3	15	8.2	3	1	19	10	0.4	-2	1	0.5	0.5
0	3	15	8.2	3	1	21	0	0	0	-10		
0	3	15	8.2	3	1	24	0	0	0	0		
0	3	15	8.2	3	1	24	0	0	0	0		
0	3	15	8.2	3	1	26	0	0	0	0		
0	3	15	8.2	3	1	28	0	0	0	0		
0	3	15	8.2	3	1	31	0	0	0	0		
0	3	15	8.2	3	1	33	0	0	0	0		
0	3	15	8.2	3	1	35	0	0	0	0		
0	3	15	8.2	3	2	0	25	1	0	0		
0	3	15	8.2	3	2	5	24	0.96	0	0		
0	3	15	8.2	3	2	7	24	0.96	6	0		
0	3	15	8.2	3	2	10	19	0.76	11	0		
0	3	15	8.2	3	2	12	19	0.76	2	0		
0	3	15	8.2	3	2	14	19	0.76	0	0		
0	3	15	8.2	3	2	17	14	0.56	-13	8	0.375	0.625
0	3	15	8.2	3	2	19	11	0.44	-3	0	0.375	0.625
0	3	15	8.2	3	2	21	11	0.44	-2	2	0.5	0.5
0	3	15	8.2	3	2	24	11	0.44	-1	1	0.454545455	0.545454545
0	3	15	8.2	3	2	24	0	0	0	-11		
0	3	15	8.2	3	2	26	0	0	0	0		
0	3	15	8.2	3	2	28	0	0	0	0		
0	3	15	8.2	3	2	31	0	0	0	0		
0	3	15	8.2	3	2	33	0	0	0	0		
0	3	15	8.2	3	2	35	0	0	0	0		
0	3	15	8.2	3	3	0	25	1	0	0		
0	3	15	8.2	3	3	5	25	1	0	0		
0	3	15	8.2	3	3	7	16	0.64	6	0		
0	3	15	8.2	3	3	10	14	0.56	6	0		
0	3	15	8.2	3	3	12	10	0.4	-2	0		
0	3	15	8.2	3	3	14	10	0.4	0	0		
0	3	15	8.2	3	3	17	7	0.28	-8	5	0.8	0.2
0	3	15	8.2	3	3	19	7	0.28	-1	1	0.833333333	0.166666667
0	3	15	8.2	3	3	21	7	0.28	-1	1	0.857142857	0.142857143
0	3	15	8.2	3	3	24	0	0	0	-7		
0	3	15	8.2	3	3	24	0	0	0	0		
0	3	15	8.2	3	3	26	0	0	0	0		
0	3	15	8.2	3	3	28	0	0	0	0		
0	3	15	8.2	3	3	31	0	0	0	0		
0	3	15	8.2	3	3	33	0	0	0	0		
0	3	15	8.2	3	3	35	0	0	0	0		
0	3	15	8.2	4	1	0	0		0	0		
0	3	15	8.2	4	1	5	0		0	0		
0	3	15	8.2	4	1	7	0		0	0		
0	3	15	8.2	4	1	10	0		0	0		
0	3	15	8.2	4	1	12	0		0	0		
0	3	15	8.2	4	1	14	0		0	0		
0	3	15	8.2	4	1	17	0		0	0		
0	3	15	8.2	4	1	19	0		0	0		
0	3	15	8.2	4	1	21	0		0	0		
0	3	15	8.2	4	1	24	0		0	0		
0	3	15	8.2	4	1	24	0		0	0		
0	3	15	8.2	4	1	26	0		0	0		
0	3	15	8.2	4	1	28	0		0	0		
0	3	15	8.2	4	1	31	0		0	0		
0	3	15	8.2	4	1	33	0		0	0		
0	3	15	8.2	4	1	35	0		0	0		
0	3	15	8.2	4	2	0	0		0	0		
0	3	15	8.2	4	2	5	0		0	0		
0	3	15	8.2	4	2	7	0		0	0		
0	3	15	8.2	4	2	10	0		0	0		
0	3	15	8.2	4	2	12	0		0	0		
0	3	15	8.2	4	2	14	0		0	0		
0	3	15	8.2	4	2	17	0		0	0		
0	3	15	8.2	4	2	19	0		0	0		
0	3	15	8.2	4	2	21	0		0	0		
0	3	15	8.2	4	2	24	0		0	0		
0	3	15	8.2	4	2	24	0		0	0		
0	3	15	8.2	4	2	26	0		0	0		
0	3	15	8.2	4	2	28	0		0	0		
0	3	15	8.2	4	2	31	0		0	0		
0	3	15	8.2	4	2	33	0		0	0		
0	3	15	8.2	4	2	35	0		0	0		
0	3	15	8.2	4	3	0	0		0	0		
0	3	15	8.2	4	3	5	0		0	0		
0	3	15	8.2	4	3	7	0		0	0		
0	3	15	8.2	4	3	10	0		0	0		
0	3	15	8.2	4	3	12	0		0	0		
0	3	15	8.2	4	3	14	0		0	0		
0	3	15	8.2	4	3	17	0		0	0		
0	3	15	8.2	4	3	19	0		0	0		
0	3	15	8.2	4	3	21	0		0	0		
0	3	15	8.2	4	3	24	0		0	0		
0	3	15	8.2	4	3	24	0		0	0		
0	3	15	8.2	4	3	26	0		0	0		
0	3	15	8.2	4	3	28	0		0	0		
0	3	15	8.2	4	3	31	0		0	0		
0	3	15	8.2	4	3	33	0		0	0		
0	3	15	8.2	4	3	35	0		0	0		
0	4	15	7.8	1	1	0	25	1	0	0		
0	4	15	7.8	1	1	5	25	1	0	0		
0	4	15	7.8	1	1	7	13	0.52	10	0		
0	4	15	7.8	1	1	10	13	0.52	3	0		
0	4	15	7.8	1	1	12	6	0.24	-7	0		
0	4	15	7.8	1	1	14	4	0.16	-2	0		
0	4	15	7.8	1	1	17	3	0.12	-4	3	0.666666667	0.333333333
0	4	15	7.8	1	1	19	0	0	0	-3		
0	4	15	7.8	1	1	21	0	0	0	0		
0	4	15	7.8	1	1	24	0	0	0	0		
0	4	15	7.8	1	1	24	0	0	0	0		
0	4	15	7.8	1	1	26	0	0	0	0		
0	4	15	7.8	1	1	28	0	0	0	0		
0	4	15	7.8	1	1	31	0	0	0	0		
0	4	15	7.8	1	1	33	0	0	0	0		
0	4	15	7.8	1	1	35	0	0	0	0		
0	4	15	7.8	1	2	0	15	1	0	0		
0	4	15	7.8	1	2	5	15	1	0	0		
0	4	15	7.8	1	2	7	8	0.533333333	5	0		
0	4	15	7.8	1	2	10	7	0.466666667	1	0		
0	4	15	7.8	1	2	12	5	0.333333333	-1	0		
0	4	15	7.8	1	2	14	5	0.333333333	0	0		
0	4	15	7.8	1	2	17	5	0.333333333	-5	5	0.4	0.6
0	4	15	7.8	1	2	19	0	0	0	-5		
0	4	15	7.8	1	2	21	0	0	0	0		
0	4	15	7.8	1	2	24	0	0	0	0		
0	4	15	7.8	1	2	24	0	0	0	0		
0	4	15	7.8	1	2	26	0	0	0	0		
0	4	15	7.8	1	2	28	0	0	0	0		
0	4	15	7.8	1	2	31	0	0	0	0		
0	4	15	7.8	1	2	33	0	0	0	0		
0	4	15	7.8	1	2	35	0	0	0	0		
0	4	15	7.8	1	3	0	25	1	0	0		
0	4	15	7.8	1	3	5	12	0.48	0	0		
0	4	15	7.8	1	3	7	4	0.16	4	0		
0	4	15	7.8	1	3	10	4	0.16	0	0		
0	4	15	7.8	1	3	12	4	0.16	0	0		
0	4	15	7.8	1	3	14	4	0.16	0	0		
0	4	15	7.8	1	3	17	3	0.12	-4	3	0.666666667	0.333333333
0	4	15	7.8	1	3	19	0	0	0	-3		
0	4	15	7.8	1	3	21	0	0	0	0		
0	4	15	7.8	1	3	24	0	0	0	0		
0	4	15	7.8	1	3	24	0	0	0	0		
0	4	15	7.8	1	3	26	0	0	0	0		
0	4	15	7.8	1	3	28	0	0	0	0		
0	4	15	7.8	1	3	31	0	0	0	0		
0	4	15	7.8	1	3	33	0	0	0	0		
0	4	15	7.8	1	3	35	0	0	0	0		
0	4	15	7.8	2	1	0	25	1	0	0		
0	4	15	7.8	2	1	5	17	0.68	0	0		
0	4	15	7.8	2	1	7	15	0.6	10	0		
0	4	15	7.8	2	1	10	15	0.6	4	0		
0	4	15	7.8	2	1	12	8	0.32	-6	0		
0	4	15	7.8	2	1	14	2	0.08	-6	0		
0	4	15	7.8	2	1	17	2	0.08	-2	2	0.5	0.5
0	4	15	7.8	2	1	19	0	0	0	-2		
0	4	15	7.8	2	1	21	0	0	0	0		
0	4	15	7.8	2	1	24	0	0	0	0		
0	4	15	7.8	2	1	24	0	0	0	0		
0	4	15	7.8	2	1	26	0	0	0	0		
0	4	15	7.8	2	1	28	0	0	0	0		
0	4	15	7.8	2	1	31	0	0	0	0		
0	4	15	7.8	2	1	33	0	0	0	0		
0	4	15	7.8	2	1	35	0	0	0	0		
0	4	15	7.8	2	2	0	25	1	0	0		
0	4	15	7.8	2	2	5	12	0.48	0	0		
0	4	15	7.8	2	2	7	8	0.32	3	0		
0	4	15	7.8	2	2	10	5	0.2	1	0		
0	4	15	7.8	2	2	12	4	0.16	-1	0		
0	4	15	7.8	2	2	14	2	0.08	-2	0		
0	4	15	7.8	2	2	17	1	0.04	0	0		
0	4	15	7.8	2	2	19	1	0.04	0	0		
0	4	15	7.8	2	2	21	1	0.04	0	0		
0	4	15	7.8	2	2	24	1	0.04	0	0		
0	4	15	7.8	2	2	24	1	0.04	0	0		
0	4	15	7.8	2	2	26	1	0.04	0	0		
0	4	15	7.8	2	2	28	1	0.04	-1	1	1	0
0	4	15	7.8	2	2	31	0	0	0	-1		
0	4	15	7.8	2	2	33	0	0	0	0		
0	4	15	7.8	2	2	35	0	0	0	0		
0	4	15	7.8	2	3	0	25	1	0	0		
0	4	15	7.8	2	3	5	10	0.4	0	0		
0	4	15	7.8	2	3	7	8	0.32	6	0		
0	4	15	7.8	2	3	10	8	0.32	2	0		
0	4	15	7.8	2	3	12	8	0.32	0	0		
0	4	15	7.8	2	3	14	3	0.12	-5	0		
0	4	15	7.8	2	3	17	3	0.12	-3	3	1	0
0	4	15	7.8	2	3	19	0	0	0	-3		
0	4	15	7.8	2	3	21	0	0	0	0		
0	4	15	7.8	2	3	24	0	0	0	0		
0	4	15	7.8	2	3	24	0	0	0	0		
0	4	15	7.8	2	3	26	0	0	0	0		
0	4	15	7.8	2	3	28	0	0	0	0		
0	4	15	7.8	2	3	31	0	0	0	0		
0	4	15	7.8	2	3	33	0	0	0	0		
0	4	15	7.8	2	3	35	0	0	0	0		
0	4	15	7.8	3	1	0	25	1	0	0		
0	4	15	7.8	3	1	5	25	1	0	0		
0	4	15	7.8	3	1	7	15	0.6	10	0		
0	4	15	7.8	3	1	10	15	0.6	4	0		
0	4	15	7.8	3	1	12	13	0.52	-1	0		
0	4	15	7.8	3	1	14	5	0.2	-8	0		
0	4	15	7.8	3	1	17	3	0.12	-5	3	0.333333333	0.666666667
0	4	15	7.8	3	1	19	0	0	0	-3		
0	4	15	7.8	3	1	21	0	0	0	0		
0	4	15	7.8	3	1	24	0	0	0	0		
0	4	15	7.8	3	1	24	0	0	0	0		
0	4	15	7.8	3	1	26	0	0	0	0		
0	4	15	7.8	3	1	28	0	0	0	0		
0	4	15	7.8	3	1	31	0	0	0	0		
0	4	15	7.8	3	1	33	0	0	0	0		
0	4	15	7.8	3	1	35	0	0	0	0		
0	4	15	7.8	3	2	0	25	1	0	0		
0	4	15	7.8	3	2	5	25	1	0	0		
0	4	15	7.8	3	2	7	12	0.48	7	0		
0	4	15	7.8	3	2	10	12	0.48	4	0		
0	4	15	7.8	3	2	12	8	0.32	-3	0		
0	4	15	7.8	3	2	14	5	0.2	-3	0		
0	4	15	7.8	3	2	17	4	0.16	-3	2	0.5	0.5
0	4	15	7.8	3	2	19	4	0.16	-2	2	0.25	0.75
0	4	15	7.8	3	2	21	0	0	0	-4		
0	4	15	7.8	3	2	24	0	0	0	0		
0	4	15	7.8	3	2	24	0	0	0	0		
0	4	15	7.8	3	2	26	0	0	0	0		
0	4	15	7.8	3	2	28	0	0	0	0		
0	4	15	7.8	3	2	31	0	0	0	0		
0	4	15	7.8	3	2	33	0	0	0	0		
0	4	15	7.8	3	2	35	0	0	0	0		
0	4	15	7.8	3	3	0	25	1	0	0		
0	4	15	7.8	3	3	5	15	0.6	0	0		
0	4	15	7.8	3	3	7	10	0.4	5	0		
0	4	15	7.8	3	3	10	10	0.4	5	0		
0	4	15	7.8	3	3	12	10	0.4	0	0		
0	4	15	7.8	3	3	14	10	0.4	0	0		
0	4	15	7.8	3	3	17	10	0.4	-9	9	0.444444444	0.555555556
0	4	15	7.8	3	3	19	10	0.4	-1	1	0.4	0.6
0	4	15	7.8	3	3	21	0	0	0	-10		
0	4	15	7.8	3	3	24	0	0	0	0		
0	4	15	7.8	3	3	24	0	0	0	0		
0	4	15	7.8	3	3	26	0	0	0	0		
0	4	15	7.8	3	3	28	0	0	0	0		
0	4	15	7.8	3	3	31	0	0	0	0		
0	4	15	7.8	3	3	33	0	0	0	0		
0	4	15	7.8	3	3	35	0	0	0	0		
0	4	15	7.8	4	1	0	0		0	0		
0	4	15	7.8	4	1	5	0		0	0		
0	4	15	7.8	4	1	7	0		0	0		
0	4	15	7.8	4	1	10	0		0	0		
0	4	15	7.8	4	1	12	0		0	0		
0	4	15	7.8	4	1	14	0		0	0		
0	4	15	7.8	4	1	17	0		0	0		
0	4	15	7.8	4	1	19	0		0	0		
0	4	15	7.8	4	1	21	0		0	0		
0	4	15	7.8	4	1	24	0		0	0		
0	4	15	7.8	4	1	24	0		0	0		
0	4	15	7.8	4	1	26	0		0	0		
0	4	15	7.8	4	1	28	0		0	0		
0	4	15	7.8	4	1	31	0		0	0		
0	4	15	7.8	4	1	33	0		0	0		
0	4	15	7.8	4	1	35	0		0	0		
0	4	15	7.8	4	2	0	0		0	0		
0	4	15	7.8	4	2	5	0		0	0		
0	4	15	7.8	4	2	7	0		0	0		
0	4	15	7.8	4	2	10	0		0	0		
0	4	15	7.8	4	2	12	0		0	0		
0	4	15	7.8	4	2	14	0		0	0		
0	4	15	7.8	4	2	17	0		0	0		
0	4	15	7.8	4	2	19	0		0	0		
0	4	15	7.8	4	2	21	0		0	0		
0	4	15	7.8	4	2	24	0		0	0		
0	4	15	7.8	4	2	24	0		0	0		
0	4	15	7.8	4	2	26	0		0	0		
0	4	15	7.8	4	2	28	0		0	0		
0	4	15	7.8	4	2	31	0		0	0		
0	4	15	7.8	4	2	33	0		0	0		
0	4	15	7.8	4	2	35	0		0	0		
0	4	15	7.8	4	3	0	0		0	0		
0	4	15	7.8	4	3	5	0		0	0		
0	4	15	7.8	4	3	7	0		0	0		
0	4	15	7.8	4	3	10	0		0	0		
0	4	15	7.8	4	3	12	0		0	0		
0	4	15	7.8	4	3	14	0		0	0		
0	4	15	7.8	4	3	17	0		0	0		
0	4	15	7.8	4	3	19	0		0	0		
0	4	15	7.8	4	3	21	0		0	0		
0	4	15	7.8	4	3	24	0		0	0		
0	4	15	7.8	4	3	24	0		0	0		
0	4	15	7.8	4	3	26	0		0	0		
0	4	15	7.8	4	3	28	0		0	0		
0	4	15	7.8	4	3	31	0		0	0		
0	4	15	7.8	4	3	33	0		0	0		
0	4	15	7.8	4	3	35	0		0	0		
2	1	13	8.2	1	1	4	15	0.6	0	0		
2	1	13	8.2	1	1	7	14	0.56	0	0		
2	1	13	8.2	1	1	9	14	0.56	0	0		
2	1	13	8.2	1	1	11	12	0.48	10	0		
2	1	13	8.2	1	1	14	12	0.48	0	0		
2	1	13	8.2	1	1	16	12	0.48	0	0		
2	1	13	8.2	1	1	18	12	0.48	0	0		
2	1	13	8.2	1	1	21	12	0.48	-4	6		
2	1	13	8.2	1	1	23	12	0.48	-1	1	0.333333333	0.666666667
2	1	13	8.2	1	1	25	12	0.48	-3	3	0.428571429	0.571428571
2	1	13	8.2	1	1	28	12	0.48	0	0	0.5	0.5
2	1	13	8.2	1	1	30	12	0.48	0	0	0.5	0.5
2	1	13	8.2	1	1	32	12	0.48	0	0	0.5	0.5
2	1	13	8.2	1	1	35	12	0.48	-2	2	0.5	0.5
2	1	13	8.2	1	1	37	0	0	0	-12	0.5	0.5
2	1	13	8.2	1	2	0	25	1	0	-12		
2	1	13	8.2	1	2	4	20	0.8	0	0		
2	1	13	8.2	1	2	7	20	0.8	0	0		
2	1	13	8.2	1	2	9	16	0.64	15	0		
2	1	13	8.2	1	2	11	14	0.56	-1	0		
2	1	13	8.2	1	2	14	14	0.56	0	0		
2	1	13	8.2	1	2	16	14	0.56	0	0		
2	1	13	8.2	1	2	18	12	0.48	-2	0		
2	1	13	8.2	1	2	21	12	0.48	0	0		
2	1	13	8.2	1	2	23	10	0.4	-8	6		
2	1	13	8.2	1	2	25	10	0.4	-4	4	0.333333333	0.666666667
2	1	13	8.2	1	2	28	0	0	0	-10	0.5	0.5
2	1	13	8.2	1	2	30	0	0	0	0		
2	1	13	8.2	1	2	32	0	0	0	0		
2	1	13	8.2	1	2	35	0	0	0	0		
2	1	13	8.2	1	2	37	0	0	0	0		
2	1	13	8.2	1	3	0	25	1	0	0		
2	1	13	8.2	1	3	4	25	1	0	0		
2	1	13	8.2	1	3	7	25	1	1	0		
2	1	13	8.2	1	3	9	21	0.84	0	0		
2	1	13	8.2	1	3	11	21	0.84	18	0		
2	1	13	8.2	1	3	14	20	0.8	1	0		
2	1	13	8.2	1	3	16	13	0.52	-7	0		
2	1	13	8.2	1	3	18	12	0.48	-2	1		
2	1	13	8.2	1	3	21	12	0.48	-2	2	1	0
2	1	13	8.2	1	3	23	12	0.48	-7	7	0.666666667	0.333333333
2	1	13	8.2	1	3	25	11	0.44	-1	0	0.4	0.6
2	1	13	8.2	1	3	28	11	0.44	-1	1	0.4	0.6
2	1	13	8.2	1	3	30	0	0	0	-11	0.454545455	0.545454545
2	1	13	8.2	1	3	32	0	0	0	0		
2	1	13	8.2	1	3	35	0	0	0	0		
2	1	13	8.2	1	3	37	0	0	0	0		
2	1	13	8.2	2	1	0	25	1	0	0		
2	1	13	8.2	2	1	4	23	0.92	0	0		
2	1	13	8.2	2	1	7	23	0.92	0	0		
2	1	13	8.2	2	1	9	23	0.92	4	0		
2	1	13	8.2	2	1	11	23	0.92	14	0		
2	1	13	8.2	2	1	14	23	0.92	5	0		
2	1	13	8.2	2	1	16	23	0.92	0	0		
2	1	13	8.2	2	1	18	23	0.92	0	0		
2	1	13	8.2	2	1	21	23	0.92	-12	12		
2	1	13	8.2	2	1	23	22	0.88	-7	6	0.666666667	0.333333333
2	1	13	8.2	2	1	25	22	0.88	-4	4	0.611111111	0.388888889
2	1	13	8.2	2	1	28	0	0	0	-22	0.590909091	0.409090909
2	1	13	8.2	2	1	30	0	0	0	0		
2	1	13	8.2	2	1	32	0	0	0	0		
2	1	13	8.2	2	1	35	0	0	0	0		
2	1	13	8.2	2	1	37	0	0	0	0		
2	1	13	8.2	2	2	0	25	1	0	0		
2	1	13	8.2	2	2	4	20	0.8	0	0		
2	1	13	8.2	2	2	7	20	0.8	0	0		
2	1	13	8.2	2	2	9	20	0.8	5	0		
2	1	13	8.2	2	2	11	20	0.8	10	0		
2	1	13	8.2	2	2	14	20	0.8	5	0		
2	1	13	8.2	2	2	16	20	0.8	0	0		
2	1	13	8.2	2	2	18	18	0.72	-2	0		
2	1	13	8.2	2	2	21	18	0.72	-3	3		
2	1	13	8.2	2	2	23	18	0.72	0	0	0.333333333	0.666666667
2	1	13	8.2	2	2	25	12	0.48	-9	3	0.333333333	0.666666667
2	1	13	8.2	2	2	28	11	0.44	-5	4	0.333333333	0.666666667
2	1	13	8.2	2	2	30	11	0.44	-1	1	0.6	0.4
2	1	13	8.2	2	2	32	0	0	0	-11	0.545454545	0.454545455
2	1	13	8.2	2	2	35	0	0	0	0		
2	1	13	8.2	2	2	37	0	0	0	0		
2	1	13	8.2	2	3	0	25	1	0	0		
2	1	13	8.2	2	3	4	16	0.64	0	0		
2	1	13	8.2	2	3	7	16	0.64	0	0		
2	1	13	8.2	2	3	9	14	0.56	5	0		
2	1	13	8.2	2	3	11	13	0.52	3	0		
2	1	13	8.2	2	3	14	13	0.52	5	0		
2	1	13	8.2	2	3	16	13	0.52	0	0		
2	1	13	8.2	2	3	18	13	0.52	0	0		
2	1	13	8.2	2	3	21	13	0.52	-10	10		
2	1	13	8.2	2	3	23	13	0.52	-3	3	0.4	0.6
2	1	13	8.2	2	3	25	0	0	0	-13	0.384615385	0.615384615
2	1	13	8.2	2	3	28	0	0	0	0		
2	1	13	8.2	2	3	30	0	0	0	0		
2	1	13	8.2	2	3	32	0	0	0	0		
2	1	13	8.2	2	3	35	0	0	0	0		
2	1	13	8.2	2	3	37	0	0	0	0		
2	1	13	8.2	3	1	0	35	1	0	0		
2	1	13	8.2	3	1	4	35	1	0	0		
2	1	13	8.2	3	1	7	35	1	0	0		
2	1	13	8.2	3	1	9	34	0.971428571	6	0		
2	1	13	8.2	3	1	11	34	0.971428571	28	0		
2	1	13	8.2	3	1	14	34	0.971428571	0	0		
2	1	13	8.2	3	1	16	35	1	-4	5		
2	1	13	8.2	3	1	18	35	1	-6	6	0	1
2	1	13	8.2	3	1	21	35	1	-21	21	0.454545455	0.545454545
2	1	13	8.2	3	1	23	34	0.971428571	-2	1	0.4375	0.5625
2	1	13	8.2	3	1	25	34	0.971428571	0	0	0.424242424	0.575757576
2	1	13	8.2	3	1	28	34	0.971428571	0	0	0.424242424	0.575757576
2	1	13	8.2	3	1	30	34	0.971428571	-1	1	0.424242424	0.575757576
2	1	13	8.2	3	1	32	0	0	0	-34	0.411764706	0.588235294
2	1	13	8.2	3	1	35	0	0	0	0		
2	1	13	8.2	3	1	37	0	0	0	0		
2	1	13	8.2	3	2	0	25	1	0	0		
2	1	13	8.2	3	2	4	19	0.76	0	0		
2	1	13	8.2	3	2	7	18	0.72	0	0		
2	1	13	8.2	3	2	9	17	0.68	0	0		
2	1	13	8.2	3	2	11	17	0.68	15	0		
2	1	13	8.2	3	2	14	17	0.68	2	0		
2	1	13	8.2	3	2	16	17	0.68	0	0		
2	1	13	8.2	3	2	18	17	0.68	-6	6		
2	1	13	8.2	3	2	21	17	0.68	-10	10	0	1
2	1	13	8.2	3	2	23	17	0.68	-1	1	0.25	0.75
2	1	13	8.2	3	2	25	0	0	0	-17	0.235294118	0.764705882
2	1	13	8.2	3	2	28	0	0	0	0		
2	1	13	8.2	3	2	30	0	0	0	0		
2	1	13	8.2	3	2	32	0	0	0	0		
2	1	13	8.2	3	2	35	0	0	0	0		
2	1	13	8.2	3	2	37	0	0	0	0		
2	1	13	8.2	3	3	0	25	1	0	0		
2	1	13	8.2	3	3	4	19	0.76	0	0		
2	1	13	8.2	3	3	7	18	0.72	0	0		
2	1	13	8.2	3	3	9	18	0.72	0	0		
2	1	13	8.2	3	3	11	18	0.72	17	0		
2	1	13	8.2	3	3	14	18	0.72	1	0		
2	1	13	8.2	3	3	16	18	0.72	0	0		
2	1	13	8.2	3	3	18	16	0.64	-9	7		
2	1	13	8.2	3	3	21	15	0.6	-8	7	0.142857143	0.857142857
2	1	13	8.2	3	3	23	15	0.6	-1	1	0.428571429	0.571428571
2	1	13	8.2	3	3	25	0	0	0	-15	0.466666667	0.533333333
2	1	13	8.2	3	3	28	0	0	0	0		
2	1	13	8.2	3	3	30	0	0	0	0		
2	1	13	8.2	3	3	32	0	0	0	0		
2	1	13	8.2	3	3	35	0	0	0	0		
2	1	13	8.2	3	3	37	0	0	0	0		
2	1	13	8.2	4	1	0	0		0	0		
2	1	13	8.2	4	1	4	0		0	0		
2	1	13	8.2	4	1	7	0		0	0		
2	1	13	8.2	4	1	9	0		0	0		
2	1	13	8.2	4	1	11	0		0	0		
2	1	13	8.2	4	1	14	0		0	0		
2	1	13	8.2	4	1	16	0		0	0		
2	1	13	8.2	4	1	18	0		0	0		
2	1	13	8.2	4	1	21	0		0	0		
2	1	13	8.2	4	1	23	0		0	0		
2	1	13	8.2	4	1	25	0		0	0		
2	1	13	8.2	4	1	28	0		0	0		
2	1	13	8.2	4	1	30	0		0	0		
2	1	13	8.2	4	1	32	0		0	0		
2	1	13	8.2	4	1	35	0		0	0		
2	1	13	8.2	4	1	37	0		0	0		
2	1	13	8.2	4	2	0	0		0	0		
2	1	13	8.2	4	2	4	0		0	0		
2	1	13	8.2	4	2	7	0		0	0		
2	1	13	8.2	4	2	9	0		0	0		
2	1	13	8.2	4	2	11	0		0	0		
2	1	13	8.2	4	2	14	0		0	0		
2	1	13	8.2	4	2	16	0		0	0		
2	1	13	8.2	4	2	18	0		0	0		
2	1	13	8.2	4	2	21	0		0	0		
2	1	13	8.2	4	2	23	0		0	0		
2	1	13	8.2	4	2	25	0		0	0		
2	1	13	8.2	4	2	28	0		0	0		
2	1	13	8.2	4	2	30	0		0	0		
2	1	13	8.2	4	2	32	0		0	0		
2	1	13	8.2	4	2	35	0		0	0		
2	1	13	8.2	4	2	37	0		0	0		
2	1	13	8.2	4	3	0	0		0	0		
2	1	13	8.2	4	3	4	0		0	0		
2	1	13	8.2	4	3	7	0		0	0		
2	1	13	8.2	4	3	9	0		0	0		
2	1	13	8.2	4	3	11	0		0	0		
2	1	13	8.2	4	3	14	0		0	0		
2	1	13	8.2	4	3	16	0		0	0		
2	1	13	8.2	4	3	18	0		0	0		
2	1	13	8.2	4	3	21	0		0	0		
2	1	13	8.2	4	3	23	0		0	0		
2	1	13	8.2	4	3	25	0		0	0		
2	1	13	8.2	4	3	28	0		0	0		
2	1	13	8.2	4	3	30	0		0	0		
2	1	13	8.2	4	3	32	0		0	0		
2	1	13	8.2	4	3	35	0		0	0		
2	1	13	8.2	4	3	37	0		0	0		
2	2	13	7.8	1	1	0	25	1	0	0		
2	2	13	7.8	1	1	6	25	1	0	0		
2	2	13	7.8	1	1	9	17	0.68	2	0		
2	2	13	7.8	1	1	11	12	0.48	6	0		
2	2	13	7.8	1	1	13	8	0.32	0	0		
2	2	13	7.8	1	1	16	8	0.32	0	0		
2	2	13	7.8	1	1	18	8	0.32	-2	2	0	1
2	2	13	7.8	1	1	20	8	0.32	-3	3	0.6	0.4
2	2	13	7.8	1	1	23	8	0.32	-2	2	0.428571429	0.571428571
2	2	13	7.8	1	1	25	8	0.32	0	0	0.428571429	0.571428571
2	2	13	7.8	1	1	27	8	0.32	0	0	0.428571429	0.571428571
2	2	13	7.8	1	1	30	8	0.32	0	0	0.428571429	0.571428571
2	2	13	7.8	1	1	32	8	0.32	0	0	0.428571429	0.571428571
2	2	13	7.8	1	1	34	8	0.32	-1	1	0.5	0.5
2	2	13	7.8	1	1	37	0	0	0	-8		
2	2	13	7.8	1	1	39	0	0	0	0		
2	2	13	7.8	1	2	0	25	1	0	0		
2	2	13	7.8	1	2	6	25	1	0	0		
2	2	13	7.8	1	2	9	20	0.8	1	0		
2	2	13	7.8	1	2	11	20	0.8	12	0		
2	2	13	7.8	1	2	13	20	0.8	6	0		
2	2	13	7.8	1	2	16	20	0.8	1	0		
2	2	13	7.8	1	2	18	20	0.8	-2	2	0.5	0.5
2	2	13	7.8	1	2	20	20	0.8	-9	9	0.545454545	0.454545455
2	2	13	7.8	1	2	23	20	0.8	-7	7	0.611111111	0.388888889
2	2	13	7.8	1	2	25	20	0.8	-1	1	0.631578947	0.368421053
2	2	13	7.8	1	2	27	20	0.8	0	0	0.631578947	0.368421053
2	2	13	7.8	1	2	30	19	0.76	-1	0	0.631578947	0.368421053
2	2	13	7.8	1	2	32	0	0	0	-19		
2	2	13	7.8	1	2	34	0	0	0	0		
2	2	13	7.8	1	2	37	0	0	0	0		
2	2	13	7.8	1	2	39	0	0	0	0		
2	2	13	7.8	1	3	0	25	1	0	0		
2	2	13	7.8	1	3	6	25	1	0	0		
2	2	13	7.8	1	3	9	16	0.64	0	0		
2	2	13	7.8	1	3	11	16	0.64	13	0		
2	2	13	7.8	1	3	13	16	0.64	2	0		
2	2	13	7.8	1	3	16	15	0.6	0	0		
2	2	13	7.8	1	3	18	15	0.6	-2	2	0.5	0.5
2	2	13	7.8	1	3	20	15	0.6	-7	7	0.222222222	0.777777778
2	2	13	7.8	1	3	23	15	0.6	-4	4	0.230769231	0.769230769
2	2	13	7.8	1	3	25	15	0.6	-1	1	0.285714286	0.714285714
2	2	13	7.8	1	3	27	15	0.6	0	0	0.285714286	0.714285714
2	2	13	7.8	1	3	30	15	0.6	-1	1	0.333333333	0.666666667
2	2	13	7.8	1	3	32	0	0	0	-15		
2	2	13	7.8	1	3	34	0	0	0	0		
2	2	13	7.8	1	3	37	0	0	0	0		
2	2	13	7.8	1	3	39	0	0	0	0		
2	2	13	7.8	2	1	0	25	1	0	0		
2	2	13	7.8	2	1	6	25	1	0	0		
2	2	13	7.8	2	1	9	25	1	0	0		
2	2	13	7.8	2	1	11	25	1	24	0		
2	2	13	7.8	2	1	13	25	1	1	0		
2	2	13	7.8	2	1	16	25	1	0	0		
2	2	13	7.8	2	1	18	22	0.88	-15	12	0.166666667	0.833333333
2	2	13	7.8	2	1	20	22	0.88	-7	7	0.315789474	0.684210526
2	2	13	7.8	2	1	23	22	0.88	-3	3	0.409090909	0.590909091
2	2	13	7.8	2	1	25	0	0	0	-22		
2	2	13	7.8	2	1	27	0	0	0	0		
2	2	13	7.8	2	1	30	0	0	0	0		
2	2	13	7.8	2	1	32	0	0	0	0		
2	2	13	7.8	2	1	34	0	0	0	0		
2	2	13	7.8	2	1	37	0	0	0	0		
2	2	13	7.8	2	1	39	0	0	0	0		
2	2	13	7.8	2	2	0	25	1	0	0		
2	2	13	7.8	2	2	6	20	0.8	0	0		
2	2	13	7.8	2	2	9	3	0.12	0	0		
2	2	13	7.8	2	2	11	2	0.08	1	0		
2	2	13	7.8	2	2	13	2	0.08	0	0		
2	2	13	7.8	2	2	16	1	0.04	0	0		
2	2	13	7.8	2	2	18	1	0.04	0	0		
2	2	13	7.8	2	2	20	1	0.04	0	0		
2	2	13	7.8	2	2	23	1	0.04	-1	1	1	0
2	2	13	7.8	2	2	25	0	0	0	-1		
2	2	13	7.8	2	2	27	0	0	0	0		
2	2	13	7.8	2	2	30	0	0	0	0		
2	2	13	7.8	2	2	32	0	0	0	0		
2	2	13	7.8	2	2	34	0	0	0	0		
2	2	13	7.8	2	2	37	0	0	0	0		
2	2	13	7.8	2	2	39	0	0	0	0		
2	2	13	7.8	2	3	0	25	1	0	0		
2	2	13	7.8	2	3	6	18	0.72	0	0		
2	2	13	7.8	2	3	9	18	0.72	0	0		
2	2	13	7.8	2	3	11	18	0.72	15	0		
2	2	13	7.8	2	3	13	18	0.72	2	0		
2	2	13	7.8	2	3	16	18	0.72	1	0		
2	2	13	7.8	2	3	18	18	0.72	0	0		
2	2	13	7.8	2	3	20	18	0.72	-11	11	0.454545455	0.545454545
2	2	13	7.8	2	3	23	18	0.72	-5	5	0.5625	0.4375
2	2	13	7.8	2	3	25	18	0.72	-2	2	0.555555556	0.444444444
2	2	13	7.8	2	3	27	0	0	0	-18		
2	2	13	7.8	2	3	30	0	0	0	0		
2	2	13	7.8	2	3	32	0	0	0	0		
2	2	13	7.8	2	3	34	0	0	0	0		
2	2	13	7.8	2	3	37	0	0	0	0		
2	2	13	7.8	2	3	39	0	0	0	0		
2	2	13	7.8	3	1	0	25	1	0	0		
2	2	13	7.8	3	1	4	15	0.6	0	0		
2	2	13	7.8	3	1	7	15	0.6	0	0		
2	2	13	7.8	3	1	9	15	0.6	10	0		
2	2	13	7.8	3	1	11	15	0.6	3	0		
2	2	13	7.8	3	1	14	10	0.4	-3	0		
2	2	13	7.8	3	1	16	10	0.4	-3	3	0.666666667	0.333333333
2	2	13	7.8	3	1	18	10	0.4	-6	6	0.444444444	0.555555556
2	2	13	7.8	3	1	21	10	0.4	-1	1	0.5	0.5
2	2	13	7.8	3	1	23	0	0	0	-10		
2	2	13	7.8	3	1	25	0	0	0	0		
2	2	13	7.8	3	1	28	0	0	0	0		
2	2	13	7.8	3	1	30	0	0	0	0		
2	2	13	7.8	3	1	32	0	0	0	0		
2	2	13	7.8	3	1	35	0	0	0	0		
2	2	13	7.8	3	1	37	0	0	0	0		
2	2	13	7.8	3	2	0	25	1	0	0		
2	2	13	7.8	3	2	4	25	1	0	0		
2	2	13	7.8	3	2	7	19	0.76	0	0		
2	2	13	7.8	3	2	9	19	0.76	16	0		
2	2	13	7.8	3	2	11	13	0.52	-4	0		
2	2	13	7.8	3	2	14	9	0.36	-4	0		
2	2	13	7.8	3	2	16	8	0.32	-1	0		
2	2	13	7.8	3	2	18	6	0.24	-4	3	0	1
2	2	13	7.8	3	2	21	6	0.24	-1	1	0	1
2	2	13	7.8	3	2	23	6	0.24	-2	2	0.333333333	0.666666667
2	2	13	7.8	3	2	25	0	0	0	-6		
2	2	13	7.8	3	2	28	0	0	0	0		
2	2	13	7.8	3	2	30	0	0	0	0		
2	2	13	7.8	3	2	32	0	0	0	0		
2	2	13	7.8	3	2	35	0	0	0	0		
2	2	13	7.8	3	2	37	0	0	0	0		
2	2	13	7.8	3	3	0	25	1	0	0		
2	2	13	7.8	3	3	4	25	1	0	0		
2	2	13	7.8	3	3	7	15	0.6	0	0		
2	2	13	7.8	3	3	9	11	0.44	7	0		
2	2	13	7.8	3	3	11	11	0.44	4	0		
2	2	13	7.8	3	3	14	10	0.4	-1	0		
2	2	13	7.8	3	3	16	10	0.4	0	0		
2	2	13	7.8	3	3	18	9	0.36	-9	8	0.5	0.5
2	2	13	7.8	3	3	21	9	0.36	-1	1	0.555555556	0.444444444
2	2	13	7.8	3	3	23	0	0	0	-9		
2	2	13	7.8	3	3	25	0	0	0	0		
2	2	13	7.8	3	3	28	0	0	0	0		
2	2	13	7.8	3	3	30	0	0	0	0		
2	2	13	7.8	3	3	32	0	0	0	0		
2	2	13	7.8	3	3	35	0	0	0	0		
2	2	13	7.8	3	3	37	0	0	0	0		
2	2	13	7.8	4	1	0	0		0	0		
2	2	13	7.8	4	1	4	0		0	0		
2	2	13	7.8	4	1	7	0		0	0		
2	2	13	7.8	4	1	9	0		0	0		
2	2	13	7.8	4	1	11	0		0	0		
2	2	13	7.8	4	1	14	0		0	0		
2	2	13	7.8	4	1	16	0		0	0		
2	2	13	7.8	4	1	18	0		0	0		
2	2	13	7.8	4	1	21	0		0	0		
2	2	13	7.8	4	1	23	0		0	0		
2	2	13	7.8	4	1	25	0		0	0		
2	2	13	7.8	4	1	28	0		0	0		
2	2	13	7.8	4	1	30	0		0	0		
2	2	13	7.8	4	1	32	0		0	0		
2	2	13	7.8	4	1	35	0		0	0		
2	2	13	7.8	4	1	37	0		0	0		
2	2	13	7.8	4	2	0	0		0	0		
2	2	13	7.8	4	2	4	0		0	0		
2	2	13	7.8	4	2	7	0		0	0		
2	2	13	7.8	4	2	9	0		0	0		
2	2	13	7.8	4	2	11	0		0	0		
2	2	13	7.8	4	2	14	0		0	0		
2	2	13	7.8	4	2	16	0		0	0		
2	2	13	7.8	4	2	18	0		0	0		
2	2	13	7.8	4	2	21	0		0	0		
2	2	13	7.8	4	2	23	0		0	0		
2	2	13	7.8	4	2	25	0		0	0		
2	2	13	7.8	4	2	28	0		0	0		
2	2	13	7.8	4	2	30	0		0	0		
2	2	13	7.8	4	2	32	0		0	0		
2	2	13	7.8	4	2	35	0		0	0		
2	2	13	7.8	4	2	37	0		0	0		
2	2	13	7.8	4	3	0	0		0	0		
2	2	13	7.8	4	3	4	0		0	0		
2	2	13	7.8	4	3	7	0		0	0		
2	2	13	7.8	4	3	9	0		0	0		
2	2	13	7.8	4	3	11	0		0	0		
2	2	13	7.8	4	3	14	0		0	0		
2	2	13	7.8	4	3	16	0		0	0		
2	2	13	7.8	4	3	18	0		0	0		
2	2	13	7.8	4	3	21	0		0	0		
2	2	13	7.8	4	3	23	0		0	0		
2	2	13	7.8	4	3	25	0		0	0		
2	2	13	7.8	4	3	28	0		0	0		
2	2	13	7.8	4	3	30	0		0	0		
2	2	13	7.8	4	3	32	0		0	0		
2	2	13	7.8	4	3	35	0		0	0		
2	2	13	7.8	4	3	37	0		0	0		
2	3	15	8.2	1	1	0	25	1	0	0		
2	3	15	8.2	1	1	5	25	1	1	0		
2	3	15	8.2	1	1	7	22	0.88	6	0		
2	3	15	8.2	1	1	10	22	0.88	14	0		
2	3	15	8.2	1	1	12	22	0.88	1	0		
2	3	15	8.2	1	1	14	22	0.88	-2	2	0	1
2	3	15	8.2	1	1	17	22	0.88	-20	20	0.636363636	0.363636364
2	3	15	8.2	1	1	19	0	0	0	-22		
2	3	15	8.2	1	1	21	0	0	0	0		
2	3	15	8.2	1	1	24	0	0	0	0		
2	3	15	8.2	1	1	26	0	0	0	0		
2	3	15	8.2	1	1	28	0	0	0	0		
2	3	15	8.2	1	1	31	0	0	0	0		
2	3	15	8.2	1	1	33	0	0	0	0		
2	3	15	8.2	1	1	35	0	0	0	0		
2	3	15	8.2	1	1	38	0	0	0	0		
2	3	15	8.2	1	2	0	25	1	0	0		
2	3	15	8.2	1	2	5	24	0.96	0	0		
2	3	15	8.2	1	2	7	24	0.96	9	0		
2	3	15	8.2	1	2	10	24	0.96	15	0		
2	3	15	8.2	1	2	12	24	0.96	0	0		
2	3	15	8.2	1	2	14	24	0.96	-2	2	0	1
2	3	15	8.2	1	2	17	24	0.96	-20	20	0.5	0.5
2	3	15	8.2	1	2	19	24	0.96	-1	1	0.52173913	0.47826087
2	3	15	8.2	1	2	21	24	0.96	-1	1	0.5	0.5
2	3	15	8.2	1	2	24	0	0	0	-24		
2	3	15	8.2	1	2	26	0	0	0	0		
2	3	15	8.2	1	2	28	0	0	0	0		
2	3	15	8.2	1	2	31	0	0	0	0		
2	3	15	8.2	1	2	33	0	0	0	0		
2	3	15	8.2	1	2	35	0	0	0	0		
2	3	15	8.2	1	2	38	0	0	0	0		
2	3	15	8.2	1	3	0	25	1	0	0		
2	3	15	8.2	1	3	5	25	1	1	0		
2	3	15	8.2	1	3	7	24	0.96	4	0		
2	3	15	8.2	1	3	10	24	0.96	19	0		
2	3	15	8.2	1	3	12	24	0.96	0	0		
2	3	15	8.2	1	3	14	24	0.96	-4	4	0.5	0.5
2	3	15	8.2	1	3	17	18	0.72	-20	14	0.555555556	0.444444444
2	3	15	8.2	1	3	19	0	0	0	-18		
2	3	15	8.2	1	3	21	0	0	0	0		
2	3	15	8.2	1	3	24	0	0	0	0		
2	3	15	8.2	1	3	26	0	0	0	0		
2	3	15	8.2	1	3	28	0	0	0	0		
2	3	15	8.2	1	3	31	0	0	0	0		
2	3	15	8.2	1	3	33	0	0	0	0		
2	3	15	8.2	1	3	35	0	0	0	0		
2	3	15	8.2	1	3	38	0	0	0	0		
2	3	15	8.2	2	1	0	25	1	0	0		
2	3	15	8.2	2	1	5	23	0.92	1	0		
2	3	15	8.2	2	1	7	23	0.92	6	0		
2	3	15	8.2	2	1	10	23	0.92	16	0		
2	3	15	8.2	2	1	12	23	0.92	0	0		
2	3	15	8.2	2	1	14	23	0.92	-2	2	0	1
2	3	15	8.2	2	1	17	23	0.92	-17	17	0.473684211	0.526315789
2	3	15	8.2	2	1	19	23	0.92	-4	4	0.52173913	0.47826087
2	3	15	8.2	2	1	21	0	0	0	-23		
2	3	15	8.2	2	1	24	0	0	0	0		
2	3	15	8.2	2	1	26	0	0	0	0		
2	3	15	8.2	2	1	28	0	0	0	0		
2	3	15	8.2	2	1	31	0	0	0	0		
2	3	15	8.2	2	1	33	0	0	0	0		
2	3	15	8.2	2	1	35	0	0	0	0		
2	3	15	8.2	2	1	38	0	0	0	0		
2	3	15	8.2	2	2	0	25	1	0	0		
2	3	15	8.2	2	2	5	25	1	3	0		
2	3	15	8.2	2	2	7	22	0.88	6	0		
2	3	15	8.2	2	2	10	22	0.88	13	0		
2	3	15	8.2	2	2	12	22	0.88	0	0		
2	3	15	8.2	2	2	14	22	0.88	-7	7	0.571428571	0.428571429
2	3	15	8.2	2	2	17	22	0.88	-15	15	0.590909091	0.409090909
2	3	15	8.2	2	2	19	0	0	0	-22		
2	3	15	8.2	2	2	21	0	0	0	0		
2	3	15	8.2	2	2	24	0	0	0	0		
2	3	15	8.2	2	2	26	0	0	0	0		
2	3	15	8.2	2	2	28	0	0	0	0		
2	3	15	8.2	2	2	31	0	0	0	0		
2	3	15	8.2	2	2	33	0	0	0	0		
2	3	15	8.2	2	2	35	0	0	0	0		
2	3	15	8.2	2	2	38	0	0	0	0		
2	3	15	8.2	2	3	0	25	1	0	0		
2	3	15	8.2	2	3	5	25	1	2	0		
2	3	15	8.2	2	3	7	25	1	9	0		
2	3	15	8.2	2	3	10	25	1	14	0		
2	3	15	8.2	2	3	12	25	1	0	0		
2	3	15	8.2	2	3	14	25	1	-10	10	0.6	0.4
2	3	15	8.2	2	3	17	24	0.96	-14	13	0.652173913	0.347826087
2	3	15	8.2	2	3	19	23	0.92	-1	0	0.652173913	0.347826087
2	3	15	8.2	2	3	21	0	0	0	-23		
2	3	15	8.2	2	3	24	0	0	0	0		
2	3	15	8.2	2	3	26	0	0	0	0		
2	3	15	8.2	2	3	28	0	0	0	0		
2	3	15	8.2	2	3	31	0	0	0	0		
2	3	15	8.2	2	3	33	0	0	0	0		
2	3	15	8.2	2	3	35	0	0	0	0		
2	3	15	8.2	2	3	38	0	0	0	0		
2	3	15	8.2	3	1	0	25	1	0	0		
2	3	15	8.2	3	1	5	25	1	4	0		
2	3	15	8.2	3	1	7	23	0.92	7	0		
2	3	15	8.2	3	1	10	23	0.92	12	0		
2	3	15	8.2	3	1	12	23	0.92	0	0		
2	3	15	8.2	3	1	14	21	0.84	-9	7	0.428571429	0.571428571
2	3	15	8.2	3	1	17	21	0.84	-14	14	0.571428571	0.428571429
2	3	15	8.2	3	1	19	0	0	0	-21		
2	3	15	8.2	3	1	21	0	0	0	0		
2	3	15	8.2	3	1	24	0	0	0	0		
2	3	15	8.2	3	1	26	0	0	0	0		
2	3	15	8.2	3	1	28	0	0	0	0		
2	3	15	8.2	3	1	31	0	0	0	0		
2	3	15	8.2	3	1	33	0	0	0	0		
2	3	15	8.2	3	1	35	0	0	0	0		
2	3	15	8.2	3	1	38	0	0	0	0		
2	3	15	8.2	3	2	0	25	1	0	0		
2	3	15	8.2	3	2	5	20	0.8	2	0		
2	3	15	8.2	3	2	7	18	0.72	8	0		
2	3	15	8.2	3	2	10	18	0.72	8	0		
2	3	15	8.2	3	2	12	16	0.64	-2	0		
2	3	15	8.2	3	2	14	16	0.64	-9	9	0.555555556	0.444444444
2	3	15	8.2	3	2	17	15	0.6	-6	5	0.5	0.5
2	3	15	8.2	3	2	19	15	0.6	0	0	0.5	0.5
2	3	15	8.2	3	2	21	14	0.56	-1	0	0.5	0.5
2	3	15	8.2	3	2	24	0	0	0	-14		
2	3	15	8.2	3	2	26	0	0	0	0		
2	3	15	8.2	3	2	28	0	0	0	0		
2	3	15	8.2	3	2	31	0	0	0	0		
2	3	15	8.2	3	2	33	0	0	0	0		
2	3	15	8.2	3	2	35	0	0	0	0		
2	3	15	8.2	3	2	38	0	0	0	0		
2	3	15	8.2	3	3	0	25	1	0	0		
2	3	15	8.2	3	3	5	4	0.16	0	0		
2	3	15	8.2	3	3	7	4	0.16	0	0		
2	3	15	8.2	3	3	10	2	0.08	2	0		
2	3	15	8.2	3	3	12	2	0.08	0	0		
2	3	15	8.2	3	3	14	2	0.08	0	0		
2	3	15	8.2	3	3	17	2	0.08	-1	1	0	1
2	3	15	8.2	3	3	19	2	0.08	-1	1	0.5	0.5
2	3	15	8.2	3	3	21	0	0	0	-2		
2	3	15	8.2	3	3	24	0	0	0	0		
2	3	15	8.2	3	3	26	0	0	0	0		
2	3	15	8.2	3	3	28	0	0	0	0		
2	3	15	8.2	3	3	31	0	0	0	0		
2	3	15	8.2	3	3	33	0	0	0	0		
2	3	15	8.2	3	3	35	0	0	0	0		
2	3	15	8.2	3	3	38	0	0	0	0		
2	3	15	8.2	4	1	0	0		0	0		
2	3	15	8.2	4	1	5	0		0	0		
2	3	15	8.2	4	1	7	0		0	0		
2	3	15	8.2	4	1	10	0		0	0		
2	3	15	8.2	4	1	12	0		0	0		
2	3	15	8.2	4	1	14	0		0	0		
2	3	15	8.2	4	1	17	0		0	0		
2	3	15	8.2	4	1	19	0		0	0		
2	3	15	8.2	4	1	21	0		0	0		
2	3	15	8.2	4	1	24	0		0	0		
2	3	15	8.2	4	1	26	0		0	0		
2	3	15	8.2	4	1	28	0		0	0		
2	3	15	8.2	4	1	31	0		0	0		
2	3	15	8.2	4	1	33	0		0	0		
2	3	15	8.2	4	1	35	0		0	0		
2	3	15	8.2	4	1	38	0		0	0		
2	3	15	8.2	4	2	0	0		0	0		
2	3	15	8.2	4	2	5	0		0	0		
2	3	15	8.2	4	2	7	0		0	0		
2	3	15	8.2	4	2	10	0		0	0		
2	3	15	8.2	4	2	12	0		0	0		
2	3	15	8.2	4	2	14	0		0	0		
2	3	15	8.2	4	2	17	0		0	0		
2	3	15	8.2	4	2	19	0		0	0		
2	3	15	8.2	4	2	21	0		0	0		
2	3	15	8.2	4	2	24	0		0	0		
2	3	15	8.2	4	2	26	0		0	0		
2	3	15	8.2	4	2	28	0		0	0		
2	3	15	8.2	4	2	31	0		0	0		
2	3	15	8.2	4	2	33	0		0	0		
2	3	15	8.2	4	2	35	0		0	0		
2	3	15	8.2	4	2	38	0		0	0		
2	3	15	8.2	4	3	0	0		0	0		
2	3	15	8.2	4	3	5	0		0	0		
2	3	15	8.2	4	3	7	0		0	0		
2	3	15	8.2	4	3	10	0		0	0		
2	3	15	8.2	4	3	12	0		0	0		
2	3	15	8.2	4	3	14	0		0	0		
2	3	15	8.2	4	3	17	0		0	0		
2	3	15	8.2	4	3	19	0		0	0		
2	3	15	8.2	4	3	21	0		0	0		
2	3	15	8.2	4	3	24	0		0	0		
2	3	15	8.2	4	3	26	0		0	0		
2	3	15	8.2	4	3	28	0		0	0		
2	3	15	8.2	4	3	31	0		0	0		
2	3	15	8.2	4	3	33	0		0	0		
2	3	15	8.2	4	3	35	0		0	0		
2	3	15	8.2	4	3	38	0		0	0		
2	4	15	7.8	1	1	0	25	1	0	0		
2	4	15	7.8	1	1	5	17	0.68	0	0		
2	4	15	7.8	1	1	7	14	0.56	6	0		
2	4	15	7.8	1	1	10	12	0.48	6	0		
2	4	15	7.8	1	1	12	12	0.48	0	0		
2	4	15	7.8	1	1	14	12	0.48	-4	4	0	1
2	4	15	7.8	1	1	17	12	0.48	-6	6	0.2	0.8
2	4	15	7.8	1	1	19	12	0.48	0	0	0.2	0.8
2	4	15	7.8	1	1	21	12	0.48	-2	2	0.333333333	0.666666667
2	4	15	7.8	1	1	24	0	0	0	-12		
2	4	15	7.8	1	1	26	0	0	0	0		
2	4	15	7.8	1	1	28	0	0	0	0		
2	4	15	7.8	1	1	31	0	0	0	0		
2	4	15	7.8	1	1	33	0	0	0	0		
2	4	15	7.8	1	1	35	0	0	0	0		
2	4	15	7.8	1	1	38	0	0	0	0		
2	4	15	7.8	1	2	0	25	1	0	0		
2	4	15	7.8	1	2	5	19	0.76	0	0		
2	4	15	7.8	1	2	7	19	0.76	5	0		
2	4	15	7.8	1	2	10	19	0.76	14	0		
2	4	15	7.8	1	2	12	19	0.76	0	0		
2	4	15	7.8	1	2	14	18	0.72	-3	2	0	1
2	4	15	7.8	1	2	17	17	0.68	-10	9	0.272727273	0.727272727
2	4	15	7.8	1	2	19	17	0.68	-3	3	0.357142857	0.642857143
2	4	15	7.8	1	2	21	17	0.68	-3	3	0.470588235	0.529411765
2	4	15	7.8	1	2	24	0	0	0	-17		
2	4	15	7.8	1	2	26	0	0	0	0		
2	4	15	7.8	1	2	28	0	0	0	0		
2	4	15	7.8	1	2	31	0	0	0	0		
2	4	15	7.8	1	2	33	0	0	0	0		
2	4	15	7.8	1	2	35	0	0	0	0		
2	4	15	7.8	1	2	38	0	0	0	0		
2	4	15	7.8	1	3	0	25	1	0	0		
2	4	15	7.8	1	3	5	19	0.76	0	0		
2	4	15	7.8	1	3	7	19	0.76	3	0		
2	4	15	7.8	1	3	10	19	0.76	16	0		
2	4	15	7.8	1	3	12	19	0.76	0	0		
2	4	15	7.8	1	3	14	16	0.64	-4	1	0	1
2	4	15	7.8	1	3	17	16	0.64	-11	11	0.416666667	0.583333333
2	4	15	7.8	1	3	19	16	0.64	-1	1	0.461538462	0.538461538
2	4	15	7.8	1	3	21	16	0.64	-3	3	0.5625	0.4375
2	4	15	7.8	1	3	24	0	0	0	-16		
2	4	15	7.8	1	3	26	0	0	0	0		
2	4	15	7.8	1	3	28	0	0	0	0		
2	4	15	7.8	1	3	31	0	0	0	0		
2	4	15	7.8	1	3	33	0	0	0	0		
2	4	15	7.8	1	3	35	0	0	0	0		
2	4	15	7.8	1	3	38	0	0	0	0		
2	4	15	7.8	2	1	0	25	1	0	0		
2	4	15	7.8	2	1	5	19	0.76	0	0		
2	4	15	7.8	2	1	7	19	0.76	6	0		
2	4	15	7.8	2	1	10	18	0.72	12	0		
2	4	15	7.8	2	1	12	18	0.72	0	0		
2	4	15	7.8	2	1	14	18	0.72	-3	3	0	1
2	4	15	7.8	2	1	17	17	0.68	-7	6	0.444444444	0.555555556
2	4	15	7.8	2	1	19	17	0.68	-6	6	0.6	0.4
2	4	15	7.8	2	1	21	17	0.68	-2	2	0.647058824	0.352941176
2	4	15	7.8	2	1	24	0	0	0	-17		
2	4	15	7.8	2	1	26	0	0	0	0		
2	4	15	7.8	2	1	28	0	0	0	0		
2	4	15	7.8	2	1	31	0	0	0	0		
2	4	15	7.8	2	1	33	0	0	0	0		
2	4	15	7.8	2	1	35	0	0	0	0		
2	4	15	7.8	2	1	38	0	0	0	0		
2	4	15	7.8	2	2	0	25	1	0	0		
2	4	15	7.8	2	2	5	21	0.84	0	0		
2	4	15	7.8	2	2	7	21	0.84	8	0		
2	4	15	7.8	2	2	10	21	0.84	12	0		
2	4	15	7.8	2	2	12	21	0.84	1	0		
2	4	15	7.8	2	2	14	21	0.84	-4	4	0.25	0.75
2	4	15	7.8	2	2	17	19	0.76	-13	11	0.533333333	0.466666667
2	4	15	7.8	2	2	19	19	0.76	-1	1	0.5	0.5
2	4	15	7.8	2	2	21	18	0.72	-3	2	0.555555556	0.444444444
2	4	15	7.8	2	2	24	0	0	0	-18		
2	4	15	7.8	2	2	26	0	0	0	0		
2	4	15	7.8	2	2	28	0	0	0	0		
2	4	15	7.8	2	2	31	0	0	0	0		
2	4	15	7.8	2	2	33	0	0	0	0		
2	4	15	7.8	2	2	35	0	0	0	0		
2	4	15	7.8	2	2	38	0	0	0	0		
2	4	15	7.8	2	3	0	25	1	0	0		
2	4	15	7.8	2	3	5	20	0.8	0	0		
2	4	15	7.8	2	3	7	18	0.72	7	0		
2	4	15	7.8	2	3	10	18	0.72	10	0		
2	4	15	7.8	2	3	12	18	0.72	0	0		
2	4	15	7.8	2	3	14	18	0.72	-6	7	0	1
2	4	15	7.8	2	3	17	19	0.76	-5	6	0.076923077	0.923076923
2	4	15	7.8	2	3	19	18	0.72	-4	3	0.25	0.75
2	4	15	7.8	2	3	21	18	0.72	-2	2	0.333333333	0.666666667
2	4	15	7.8	2	3	24	0	0	0	-18		
2	4	15	7.8	2	3	26	0	0	0	0		
2	4	15	7.8	2	3	28	0	0	0	0		
2	4	15	7.8	2	3	31	0	0	0	0		
2	4	15	7.8	2	3	33	0	0	0	0		
2	4	15	7.8	2	3	35	0	0	0	0		
2	4	15	7.8	2	3	38	0	0	0	0		
2	4	15	7.8	3	1	0	27	1	0	0		
2	4	15	7.8	3	1	5	27	1	2	0		
2	4	15	7.8	3	1	7	27	1	20	0		
2	4	15	7.8	3	1	10	27	1	5	0		
2	4	15	7.8	3	1	12	27	1	0	0		
2	4	15	7.8	3	1	14	27	1	-9	9	0	1
2	4	15	7.8	3	1	17	23	0.851851852	-17	13	0.409090909	0.590909091
2	4	15	7.8	3	1	19	23	0.851851852	-1	1	0.434782609	0.565217391
2	4	15	7.8	3	1	21	0	0	0	-23		
2	4	15	7.8	3	1	24	0	0	0	0		
2	4	15	7.8	3	1	26	0	0	0	0		
2	4	15	7.8	3	1	28	0	0	0	0		
2	4	15	7.8	3	1	31	0	0	0	0		
2	4	15	7.8	3	1	33	0	0	0	0		
2	4	15	7.8	3	1	35	0	0	0	0		
2	4	15	7.8	3	1	38	0	0	0	0		
2	4	15	7.8	3	2	0	25	1	0	0		
2	4	15	7.8	3	2	5	21	0.84	1	0		
2	4	15	7.8	3	2	7	21	0.84	15	0		
2	4	15	7.8	3	2	10	15	0.6	-1	0		
2	4	15	7.8	3	2	12	15	0.6	0	0		
2	4	15	7.8	3	2	14	14	0.56	-4	3	0	1
2	4	15	7.8	3	2	17	12	0.48	-11	9	0.25	0.75
2	4	15	7.8	3	2	19	0	0	0	-12		
2	4	15	7.8	3	2	21	0	0	0	0		
2	4	15	7.8	3	2	24	0	0	0	0		
2	4	15	7.8	3	2	26	0	0	0	0		
2	4	15	7.8	3	2	28	0	0	0	0		
2	4	15	7.8	3	2	31	0	0	0	0		
2	4	15	7.8	3	2	33	0	0	0	0		
2	4	15	7.8	3	2	35	0	0	0	0		
2	4	15	7.8	3	2	38	0	0	0	0		
2	4	15	7.8	3	3	0	25	1	0	0		
2	4	15	7.8	3	3	5	25	1	1	0		
2	4	15	7.8	3	3	7	25	1	8	0		
2	4	15	7.8	3	3	10	25	1	16	0		
2	4	15	7.8	3	3	12	25	1	0	0		
2	4	15	7.8	3	3	14	25	1	-6	6	0.166666667	0.833333333
2	4	15	7.8	3	3	17	25	1	-17	17	0.260869565	0.739130435
2	4	15	7.8	3	3	19	25	1	-1	1	0.25	0.75
2	4	15	7.8	3	3	21	25	1	0	0	0.25	0.75
2	4	15	7.8	3	3	24	25	1	-1	1	0.28	0.72
2	4	15	7.8	3	3	26	0	0	0	-25		
2	4	15	7.8	3	3	28	0	0	0	0		
2	4	15	7.8	3	3	31	0	0	0	0		
2	4	15	7.8	3	3	33	0	0	0	0		
2	4	15	7.8	3	3	35	0	0	0	0		
2	4	15	7.8	3	3	38	0	0	0	0		
2	4	15	7.8	4	1	0	0		0	0		
2	4	15	7.8	4	1	5	0		0	0		
2	4	15	7.8	4	1	7	0		0	0		
2	4	15	7.8	4	1	10	0		0	0		
2	4	15	7.8	4	1	12	0		0	0		
2	4	15	7.8	4	1	14	0		0	0		
2	4	15	7.8	4	1	17	0		0	0		
2	4	15	7.8	4	1	19	0		0	0		
2	4	15	7.8	4	1	21	0		0	0		
2	4	15	7.8	4	1	24	0		0	0		
2	4	15	7.8	4	1	26	0		0	0		
2	4	15	7.8	4	1	28	0		0	0		
2	4	15	7.8	4	1	31	0		0	0		
2	4	15	7.8	4	1	33	0		0	0		
2	4	15	7.8	4	1	35	0		0	0		
2	4	15	7.8	4	1	38	0		0	0		
2	4	15	7.8	4	2	0	0		0	0		
2	4	15	7.8	4	2	5	0		0	0		
2	4	15	7.8	4	2	7	0		0	0		
2	4	15	7.8	4	2	10	0		0	0		
2	4	15	7.8	4	2	12	0		0	0		
2	4	15	7.8	4	2	14	0		0	0		
2	4	15	7.8	4	2	17	0		0	0		
2	4	15	7.8	4	2	19	0		0	0		
2	4	15	7.8	4	2	21	0		0	0		
2	4	15	7.8	4	2	24	0		0	0		
2	4	15	7.8	4	2	26	0		0	0		
2	4	15	7.8	4	2	28	0		0	0		
2	4	15	7.8	4	2	31	0		0	0		
2	4	15	7.8	4	2	33	0		0	0		
2	4	15	7.8	4	2	35	0		0	0		
2	4	15	7.8	4	2	38	0		0	0		
2	4	15	7.8	4	3	0	0		0	0		
2	4	15	7.8	4	3	5	0		0	0		
2	4	15	7.8	4	3	7	0		0	0		
2	4	15	7.8	4	3	10	0		0	0		
2	4	15	7.8	4	3	12	0		0	0		
2	4	15	7.8	4	3	14	0		0	0		
2	4	15	7.8	4	3	17	0		0	0		
2	4	15	7.8	4	3	19	0		0	0		
2	4	15	7.8	4	3	21	0		0	0		
2	4	15	7.8	4	3	24	0		0	0		
2	4	15	7.8	4	3	26	0		0	0		
2	4	15	7.8	4	3	28	0		0	0		
2	4	15	7.8	4	3	31	0		0	0		
2	4	15	7.8	4	3	33	0		0	0		
2	4	15	7.8	4	3	35	0		0	0		
2	4	15	7.8	4	3	38	0		0	0		
4	1	13	8.2	1	1	4	25	1	0	0		
4	1	13	8.2	1	1	7	25	1	7	0		
4	1	13	8.2	1	1	9	25	1	15	0		
4	1	13	8.2	1	1	11	25	1	2	0		
4	1	13	8.2	1	1	14	25	1	0	0		
4	1	13	8.2	1	1	16	25	1	-6	6		
4	1	13	8.2	1	1	18	24	0.96	-6	6	0.333333333	0.666666667
4	1	13	8.2	1	1	21	23	0.92	-6	5	0.25	0.75
4	1	13	8.2	1	1	23	22	0.88	-3	2	0.411764706	0.588235294
4	1	13	8.2	1	1	25	22	0.88	0	0	0.421052632	0.578947368
4	1	13	8.2	1	1	28	21	0.84	-2	1	0.421052632	0.578947368
4	1	13	8.2	1	1	30	21	0.84	0	0	0.45	0.55
4	1	13	8.2	1	1	32	21	0.84	0	0	0.45	0.55
4	1	13	8.2	1	1	35	21	0.84	-1	1	0.45	0.55
4	1	13	8.2	1	1	37	0	0	0	-21	0.428571429	0.571428571
4	1	13	8.2	1	2	0	25	1	0	-21		
4	1	13	8.2	1	2	4	24	0.96	0	0		
4	1	13	8.2	1	2	7	24	0.96	0	0		
4	1	13	8.2	1	2	9	24	0.96	10	0		
4	1	13	8.2	1	2	11	24	0.96	13	0		
4	1	13	8.2	1	2	14	24	0.96	1	0		
4	1	13	8.2	1	2	16	24	0.96	0	0		
4	1	13	8.2	1	2	18	24	0.96	-4	4		
4	1	13	8.2	1	2	21	23	0.92	-14	13	0.75	0.25
4	1	13	8.2	1	2	23	23	0.92	-2	2	0.647058824	0.352941176
4	1	13	8.2	1	2	25	22	0.88	-2	1	0.578947368	0.421052632
4	1	13	8.2	1	2	28	22	0.88	0	0	0.6	0.4
4	1	13	8.2	1	2	30	22	0.88	0	0	0.6	0.4
4	1	13	8.2	1	2	32	22	0.88	0	0	0.6	0.4
4	1	13	8.2	1	2	35	21	0.84	-1	0	0.6	0.4
4	1	13	8.2	1	2	37	21	0.84	-1	1	0.6	0.4
4	1	13	8.2	1	3	0	25	1	-1	-20	0.571428571	0.428571429
4	1	13	8.2	1	3	4	25	1	0	-21		
4	1	13	8.2	1	3	7	25	1	0	0		
4	1	13	8.2	1	3	9	25	1	8	0		
4	1	13	8.2	1	3	11	25	1	14	0		
4	1	13	8.2	1	3	14	25	1	1	0		
4	1	13	8.2	1	3	16	25	1	0	0		
4	1	13	8.2	1	3	18	25	1	0	2		
4	1	13	8.2	1	3	21	24	0.96	-17	16	0	1
4	1	13	8.2	1	3	23	23	0.92	-6	5	0.444444444	0.555555556
4	1	13	8.2	1	3	25	0	0	0	-23	0.47826087	0.52173913
4	1	13	8.2	1	3	28	0	0	0	0		
4	1	13	8.2	1	3	30	0	0	0	0		
4	1	13	8.2	1	3	32	0	0	0	0		
4	1	13	8.2	1	3	35	0	0	0	0		
4	1	13	8.2	1	3	37	0	0	0	0		
4	1	13	8.2	2	1	0	25	1	0	0		
4	1	13	8.2	2	1	4	25	1	0	0		
4	1	13	8.2	2	1	7	25	1	2	0		
4	1	13	8.2	2	1	9	23	0.92	19	0		
4	1	13	8.2	2	1	11	23	0.92	2	0		
4	1	13	8.2	2	1	14	23	0.92	0	0		
4	1	13	8.2	2	1	16	23	0.92	-2	2		
4	1	13	8.2	2	1	18	23	0.92	-5	5	0	1
4	1	13	8.2	2	1	21	23	0.92	-16	16	0.285714286	0.714285714
4	1	13	8.2	2	1	23	0	0	0	-23	0.47826087	0.52173913
4	1	13	8.2	2	1	25	0	0	0	0		
4	1	13	8.2	2	1	28	0	0	0	0		
4	1	13	8.2	2	1	30	0	0	0	0		
4	1	13	8.2	2	1	32	0	0	0	0		
4	1	13	8.2	2	1	35	0	0	0	0		
4	1	13	8.2	2	1	37	0	0	0	0		
4	1	13	8.2	2	2	0	25	1	0	0		
4	1	13	8.2	2	2	4	25	1	0	0		
4	1	13	8.2	2	2	7	25	1	1	0		
4	1	13	8.2	2	2	9	25	1	20	0		
4	1	13	8.2	2	2	11	24	0.96	3	0		
4	1	13	8.2	2	2	14	24	0.96	0	0		
4	1	13	8.2	2	2	16	23	0.92	-3	2		
4	1	13	8.2	2	2	18	23	0.92	-10	10	1	0
4	1	13	8.2	2	2	21	23	0.92	-10	10	0.666666667	0.333333333
4	1	13	8.2	2	2	23	23	0.92	0	0	0.454545455	0.545454545
4	1	13	8.2	2	2	25	23	0.92	0	0	0.454545455	0.545454545
4	1	13	8.2	2	2	28	23	0.92	-1	1	0.454545455	0.545454545
4	1	13	8.2	2	2	30	0	0	0	-23	0.434782609	0.565217391
4	1	13	8.2	2	2	32	0	0	0	0		
4	1	13	8.2	2	2	35	0	0	0	0		
4	1	13	8.2	2	2	37	0	0	0	0		
4	1	13	8.2	2	3	0	25	1	0	0		
4	1	13	8.2	2	3	4	25	1	0	0		
4	1	13	8.2	2	3	7	25	1	0	0		
4	1	13	8.2	2	3	9	23	0.92	17	0		
4	1	13	8.2	2	3	11	20	0.8	3	0		
4	1	13	8.2	2	3	14	20	0.8	0	0		
4	1	13	8.2	2	3	16	20	0.8	-1	1		
4	1	13	8.2	2	3	18	19	0.76	-10	9	0	1
4	1	13	8.2	2	3	21	19	0.76	-7	7	0.5	0.5
4	1	13	8.2	2	3	23	19	0.76	0	0	0.470588235	0.529411765
4	1	13	8.2	2	3	25	19	0.76	-2	2	0.470588235	0.529411765
4	1	13	8.2	2	3	28	0	0	0	-19	0.473684211	0.526315789
4	1	13	8.2	2	3	30	0	0	0	0		
4	1	13	8.2	2	3	32	0	0	0	0		
4	1	13	8.2	2	3	35	0	0	0	0		
4	1	13	8.2	2	3	37	0	0	0	0		
4	1	13	8.2	3	1	0	25	1	0	0		
4	1	13	8.2	3	1	4	25	1	0	0		
4	1	13	8.2	3	1	7	25	1	0	0		
4	1	13	8.2	3	1	9	22	0.88	11	0		
4	1	13	8.2	3	1	11	22	0.88	10	0		
4	1	13	8.2	3	1	14	18	0.72	-3	0		
4	1	13	8.2	3	1	16	18	0.72	0	0		
4	1	13	8.2	3	1	18	18	0.72	-4	4		
4	1	13	8.2	3	1	21	18	0.72	-14	14	0.25	0.75
4	1	13	8.2	3	1	23	0	0	0	-18	0.388888889	0.611111111
4	1	13	8.2	3	1	25	0	0	0	0		
4	1	13	8.2	3	1	28	0	0	0	0		
4	1	13	8.2	3	1	30	0	0	0	0		
4	1	13	8.2	3	1	32	0	0	0	0		
4	1	13	8.2	3	1	35	0	0	0	0		
4	1	13	8.2	3	1	37	0	0	0	0		
4	1	13	8.2	3	2	0	25	1	0	0		
4	1	13	8.2	3	2	4	25	1	0	0		
4	1	13	8.2	3	2	7	25	1	0	0		
4	1	13	8.2	3	2	9	19	0.76	10	0		
4	1	13	8.2	3	2	11	19	0.76	8	0		
4	1	13	8.2	3	2	14	19	0.76	1	0		
4	1	13	8.2	3	2	16	19	0.76	0	0		
4	1	13	8.2	3	2	18	19	0.76	-3	3		
4	1	13	8.2	3	2	21	19	0.76	-16	16	0	1
4	1	13	8.2	3	2	23	0	0	0	-19	0.368421053	0.631578947
4	1	13	8.2	3	2	25	0	0	0	0		
4	1	13	8.2	3	2	28	0	0	0	0		
4	1	13	8.2	3	2	30	0	0	0	0		
4	1	13	8.2	3	2	32	0	0	0	0		
4	1	13	8.2	3	2	35	0	0	0	0		
4	1	13	8.2	3	2	37	0	0	0	0		
4	1	13	8.2	3	3	0	25	1	0	0		
4	1	13	8.2	3	3	4	25	1	0	0		
4	1	13	8.2	3	3	7	24	0.96	0	0		
4	1	13	8.2	3	3	9	21	0.84	1	0		
4	1	13	8.2	3	3	11	21	0.84	19	0		
4	1	13	8.2	3	3	14	21	0.84	1	0		
4	1	13	8.2	3	3	16	21	0.84	0	0		
4	1	13	8.2	3	3	18	21	0.84	-6	6		
4	1	13	8.2	3	3	21	21	0.84	-14	14	0.333333333	0.666666667
4	1	13	8.2	3	3	23	20	0.8	-1	0	0.55	0.45
4	1	13	8.2	3	3	25	0	0	0	-20	0.55	0.45
4	1	13	8.2	3	3	28	0	0	0	0		
4	1	13	8.2	3	3	30	0	0	0	0		
4	1	13	8.2	3	3	32	0	0	0	0		
4	1	13	8.2	3	3	35	0	0	0	0		
4	1	13	8.2	3	3	37	0	0	0	0		
4	1	13	8.2	4	1	0	0		0	0		
4	1	13	8.2	4	1	5	0		0	0		
4	1	13	8.2	4	1	7	0		0	0		
4	1	13	8.2	4	1	10	0		0	0		
4	1	13	8.2	4	1	12	0		0	0		
4	1	13	8.2	4	1	14	0		0	0		
4	1	13	8.2	4	1	17	0		0	0		
4	1	13	8.2	4	1	19	0		0	0		
4	1	13	8.2	4	1	21	0		0	0		
4	1	13	8.2	4	1	24	0		0	0		
4	1	13	8.2	4	1	24	0		0	0		
4	1	13	8.2	4	1	26	0		0	0		
4	1	13	8.2	4	1	28	0		0	0		
4	1	13	8.2	4	1	31	0		0	0		
4	1	13	8.2	4	1	33	0		0	0		
4	1	13	8.2	4	1	35	0		0	0		
4	1	13	8.2	4	2	0	0		0	0		
4	1	13	8.2	4	2	5	0		0	0		
4	1	13	8.2	4	2	7	0		0	0		
4	1	13	8.2	4	2	10	0		0	0		
4	1	13	8.2	4	2	12	0		0	0		
4	1	13	8.2	4	2	14	0		0	0		
4	1	13	8.2	4	2	17	0		0	0		
4	1	13	8.2	4	2	19	0		0	0		
4	1	13	8.2	4	2	21	0		0	0		
4	1	13	8.2	4	2	24	0		0	0		
4	1	13	8.2	4	2	24	0		0	0		
4	1	13	8.2	4	2	26	0		0	0		
4	1	13	8.2	4	2	28	0		0	0		
4	1	13	8.2	4	2	31	0		0	0		
4	1	13	8.2	4	2	33	0		0	0		
4	1	13	8.2	4	2	35	0		0	0		
4	1	13	8.2	4	3	0	0		0	0		
4	1	13	8.2	4	3	5	0		0	0		
4	1	13	8.2	4	3	7	0		0	0		
4	1	13	8.2	4	3	10	0		0	0		
4	1	13	8.2	4	3	12	0		0	0		
4	1	13	8.2	4	3	14	0		0	0		
4	1	13	8.2	4	3	17	0		0	0		
4	1	13	8.2	4	3	19	0		0	0		
4	1	13	8.2	4	3	21	0		0	0		
4	1	13	8.2	4	3	24	0		0	0		
4	1	13	8.2	4	3	24	0		0	0		
4	1	13	8.2	4	3	26	0		0	0		
4	1	13	8.2	4	3	28	0		0	0		
4	1	13	8.2	4	3	31	0		0	0		
4	1	13	8.2	4	3	33	0		0	0		
4	1	13	8.2	4	3	35	0		0	0		
4	2	13	7.8	1	1	0	25	1	0	0		
4	2	13	7.8	1	1	4	25	1	0	0		
4	2	13	7.8	1	1	6	16	0.64	1	0		
4	2	13	7.8	1	1	8	16	0.64	0	0		
4	2	13	7.8	1	1	11	16	0.64	11	0		
4	2	13	7.8	1	1	13	16	0.64	4	0		
4	2	13	7.8	1	1	15	16	0.64	0	0		
4	2	13	7.8	1	1	18	16	0.64	-1	1	1	0
4	2	13	7.8	1	1	20	15	0.6	-5	4	0.6	0.4
4	2	13	7.8	1	1	22	14	0.56	-6	5	0.3	0.7
4	2	13	7.8	1	1	25	14	0.56	-4	4	0.428571429	0.571428571
4	2	13	7.8	1	1	27	0	0	0	-14		
4	2	13	7.8	1	1	29	0	0	0	0		
4	2	13	7.8	1	1	32	0	0	0	0		
4	2	13	7.8	1	1	34	0	0	0	0		
4	2	13	7.8	1	1	36	0	0	0	0		
4	2	13	7.8	1	2	0	25	1	0	0		
4	2	13	7.8	1	2	4	25	1	0	0		
4	2	13	7.8	1	2	6	18	0.72	0	0		
4	2	13	7.8	1	2	8	18	0.72	3	0		
4	2	13	7.8	1	2	11	18	0.72	14	0		
4	2	13	7.8	1	2	13	18	0.72	0	0		
4	2	13	7.8	1	2	15	18	0.72	0	0		
4	2	13	7.8	1	2	18	18	0.72	-2	2	0.5	0.5
4	2	13	7.8	1	2	20	18	0.72	-6	6	0.125	0.875
4	2	13	7.8	1	2	22	17	0.68	-7	7	0.4	0.6
4	2	13	7.8	1	2	25	16	0.64	-2	1	0.375	0.625
4	2	13	7.8	1	2	27	0	0	0	-16		
4	2	13	7.8	1	2	29	0	0	0	0		
4	2	13	7.8	1	2	32	0	0	0	0		
4	2	13	7.8	1	2	34	0	0	0	0		
4	2	13	7.8	1	2	36	0	0	0	0		
4	2	13	7.8	1	3	0	25	1	0	0		
4	2	13	7.8	1	3	4	25	1	0	0		
4	2	13	7.8	1	3	6	13	0.52	0	0		
4	2	13	7.8	1	3	8	13	0.52	0	0		
4	2	13	7.8	1	3	11	13	0.52	12	0		
4	2	13	7.8	1	3	13	13	0.52	1	0		
4	2	13	7.8	1	3	15	13	0.52	0	0		
4	2	13	7.8	1	3	18	13	0.52	-5	5	0.6	0.4
4	2	13	7.8	1	3	20	13	0.52	-5	5	0.6	0.4
4	2	13	7.8	1	3	22	12	0.48	-2	1	0.545454545	0.454545455
4	2	13	7.8	1	3	25	12	0.48	0	0	0.545454545	0.454545455
4	2	13	7.8	1	3	27	12	0.48	-1	1	0.583333333	0.416666667
4	2	13	7.8	1	3	29	0	0	0	-12		
4	2	13	7.8	1	3	32	0	0	0	0		
4	2	13	7.8	1	3	34	0	0	0	0		
4	2	13	7.8	1	3	36	0	0	0	0		
4	2	13	7.8	2	1	0	0		0	0		
4	2	13	7.8	2	1	4	0		0	0		
4	2	13	7.8	2	1	6	0		0	0		
4	2	13	7.8	2	1	8	0		0	0		
4	2	13	7.8	2	1	11	0		0	0		
4	2	13	7.8	2	1	13	0		0	0		
4	2	13	7.8	2	1	15	0		0	0		
4	2	13	7.8	2	1	18	0		0	0		
4	2	13	7.8	2	1	20	0		0	0		
4	2	13	7.8	2	1	22	0		0	0		
4	2	13	7.8	2	1	25	0		0	0		
4	2	13	7.8	2	1	27	0		0	0		
4	2	13	7.8	2	1	29	0		0	0		
4	2	13	7.8	2	1	32	0		0	0		
4	2	13	7.8	2	1	34	0		0	0		
4	2	13	7.8	2	1	36	0		0	0		
4	2	13	7.8	2	2	0	25	1	0	0		
4	2	13	7.8	2	2	4	25	1	0	0		
4	2	13	7.8	2	2	6	25	1	1	0		
4	2	13	7.8	2	2	8	25	1	7	0		
4	2	13	7.8	2	2	11	25	1	17	0		
4	2	13	7.8	2	2	13	25	1	0	0		
4	2	13	7.8	2	2	15	24	0.96	-1	0		
4	2	13	7.8	2	2	18	22	0.88	-19	17	0.294117647	0.705882353
4	2	13	7.8	2	2	20	23	0.92	-2	3	0.35	0.65
4	2	13	7.8	2	2	22	21	0.84	-2	0	0.35	0.65
4	2	13	7.8	2	2	25	21	0.84	-1	1	0.380952381	0.619047619
4	2	13	7.8	2	2	27	0	0	0	-21		
4	2	13	7.8	2	2	29	0	0	0	0		
4	2	13	7.8	2	2	32	0	0	0	0		
4	2	13	7.8	2	2	34	0	0	0	0		
4	2	13	7.8	2	2	36	0	0	0	0		
4	2	13	7.8	2	3	0	25	1	0	0		
4	2	13	7.8	2	3	4	25	1	0	0		
4	2	13	7.8	2	3	6	23	0.92	0	0		
4	2	13	7.8	2	3	8	23	0.92	17	0		
4	2	13	7.8	2	3	11	23	0.92	5	0		
4	2	13	7.8	2	3	13	23	0.92	1	0		
4	2	13	7.8	2	3	15	23	0.92	-3	3	0	1
4	2	13	7.8	2	3	18	23	0.92	-12	12	0.266666667	0.733333333
4	2	13	7.8	2	3	20	23	0.92	-2	2	0.294117647	0.705882353
4	2	13	7.8	2	3	22	22	0.88	-3	2	0.315789474	0.684210526
4	2	13	7.8	2	3	25	22	0.88	-3	3	0.409090909	0.590909091
4	2	13	7.8	2	3	27	0	0	0	-22		
4	2	13	7.8	2	3	29	0	0	0	0		
4	2	13	7.8	2	3	32	0	0	0	0		
4	2	13	7.8	2	3	34	0	0	0	0		
4	2	13	7.8	2	3	36	0	0	0	0		
4	2	13	7.8	3	1	0	0		0	0		
4	2	13	7.8	3	1	4	0		0	0		
4	2	13	7.8	3	1	6	0		0	0		
4	2	13	7.8	3	1	8	0		0	0		
4	2	13	7.8	3	1	11	0		0	0		
4	2	13	7.8	3	1	13	0		0	0		
4	2	13	7.8	3	1	15	0		0	0		
4	2	13	7.8	3	1	18	0		0	0		
4	2	13	7.8	3	1	20	0		0	0		
4	2	13	7.8	3	1	22	0		0	0		
4	2	13	7.8	3	1	25	0		0	0		
4	2	13	7.8	3	1	27	0		0	0		
4	2	13	7.8	3	1	29	0		0	0		
4	2	13	7.8	3	1	32	0		0	0		
4	2	13	7.8	3	1	34	0		0	0		
4	2	13	7.8	3	1	36	0		0	0		
4	2	13	7.8	3	2	0	25	1	0	0		
4	2	13	7.8	3	2	4	25	1	0	0		
4	2	13	7.8	3	2	6	18	0.72	0	0		
4	2	13	7.8	3	2	8	17	0.68	1	0		
4	2	13	7.8	3	2	11	17	0.68	13	0		
4	2	13	7.8	3	2	13	17	0.68	1	0		
4	2	13	7.8	3	2	15	17	0.68	2	0		
4	2	13	7.8	3	2	18	17	0.68	-3	3	0	1
4	2	13	7.8	3	2	20	17	0.68	-6	6	0.222222222	0.777777778
4	2	13	7.8	3	2	22	17	0.68	-4	4	0.230769231	0.769230769
4	2	13	7.8	3	2	25	16	0.64	-2	1	0.285714286	0.714285714
4	2	13	7.8	3	2	27	14	0.56	-2	0	0.285714286	0.714285714
4	2	13	7.8	3	2	29	0	0	0	-14		
4	2	13	7.8	3	2	32	0	0	0	0		
4	2	13	7.8	3	2	34	0	0	0	0		
4	2	13	7.8	3	2	36	0	0	0	0		
4	2	13	7.8	3	3	0	25	1	0	0		
4	2	13	7.8	3	3	4	25	1	0	0		
4	2	13	7.8	3	3	6	19	0.76	0	0		
4	2	13	7.8	3	3	8	18	0.72	3	0		
4	2	13	7.8	3	3	11	18	0.72	14	0		
4	2	13	7.8	3	3	13	18	0.72	0	0		
4	2	13	7.8	3	3	15	16	0.64	-4	2	0	1
4	2	13	7.8	3	3	18	18	0.72	-9	12	0.214285714	0.785714286
4	2	13	7.8	3	3	20	18	0.72	-3	3	0.235294118	0.764705882
4	2	13	7.8	3	3	22	18	0.72	-1	1	0.222222222	0.777777778
4	2	13	7.8	3	3	25	0	0	0	-18		
4	2	13	7.8	3	3	27	0	0	0	0		
4	2	13	7.8	3	3	29	0	0	0	0		
4	2	13	7.8	3	3	32	0	0	0	0		
4	2	13	7.8	3	3	34	0	0	0	0		
4	2	13	7.8	3	3	36	0	0	0	0		
4	2	13	7.8	4	1	37	0		0	0		
4	2	13	7.8	4	1	5	0		0	0		
4	2	13	7.8	4	1	7	0		0	0		
4	2	13	7.8	4	1	10	0		0	0		
4	2	13	7.8	4	1	12	0		0	0		
4	2	13	7.8	4	1	14	0		0	0		
4	2	13	7.8	4	1	17	0		0	0		
4	2	13	7.8	4	1	19	0		0	0		
4	2	13	7.8	4	1	21	0		0	0		
4	2	13	7.8	4	1	24	0		0	0		
4	2	13	7.8	4	1	24	0		0	0		
4	2	13	7.8	4	1	26	0		0	0		
4	2	13	7.8	4	1	28	0		0	0		
4	2	13	7.8	4	1	31	0		0	0		
4	2	13	7.8	4	1	33	0		0	0		
4	2	13	7.8	4	1	35	0		0	0		
4	2	13	7.8	4	2	0	0		0	0		
4	2	13	7.8	4	2	5	0		0	0		
4	2	13	7.8	4	2	7	0		0	0		
4	2	13	7.8	4	2	10	0		0	0		
4	2	13	7.8	4	2	12	0		0	0		
4	2	13	7.8	4	2	14	0		0	0		
4	2	13	7.8	4	2	17	0		0	0		
4	2	13	7.8	4	2	19	0		0	0		
4	2	13	7.8	4	2	21	0		0	0		
4	2	13	7.8	4	2	24	0		0	0		
4	2	13	7.8	4	2	24	0		0	0		
4	2	13	7.8	4	2	26	0		0	0		
4	2	13	7.8	4	2	28	0		0	0		
4	2	13	7.8	4	2	31	0		0	0		
4	2	13	7.8	4	2	33	0		0	0		
4	2	13	7.8	4	2	35	0		0	0		
4	2	13	7.8	4	3	0	0		0	0		
4	2	13	7.8	4	3	5	0		0	0		
4	2	13	7.8	4	3	7	0		0	0		
4	2	13	7.8	4	3	10	0		0	0		
4	2	13	7.8	4	3	12	0		0	0		
4	2	13	7.8	4	3	14	0		0	0		
4	2	13	7.8	4	3	17	0		0	0		
4	2	13	7.8	4	3	19	0		0	0		
4	2	13	7.8	4	3	21	0		0	0		
4	2	13	7.8	4	3	24	0		0	0		
4	2	13	7.8	4	3	24	0		0	0		
4	2	13	7.8	4	3	26	0		0	0		
4	2	13	7.8	4	3	28	0		0	0		
4	2	13	7.8	4	3	31	0		0	0		
4	2	13	7.8	4	3	33	0		0	0		
4	2	13	7.8	4	3	35	0		0	0		
4	3	15	8.2	1	1	0	28	1	0	0		
4	3	15	8.2	1	1	4	28	1	0	0		
4	3	15	8.2	1	1	7	28	1	23	0		
4	3	15	8.2	1	1	9	28	1	5	0		
4	3	15	8.2	1	1	11	27	0.964285714	-1	0		
4	3	15	8.2	1	1	14	26	0.928571429	-3	2	0.5	0.5
4	3	15	8.2	1	1	16	26	0.928571429	-20	20	0.454545455	0.545454545
4	3	15	8.2	1	1	18	26	0.928571429	-4	4	0.5	0.5
4	3	15	8.2	1	1	21	0	0	0	-26		
4	3	15	8.2	1	1	23	0	0	0	0		
4	3	15	8.2	1	1	25	0	0	0	0		
4	3	15	8.2	1	1	28	0	0	0	0		
4	3	15	8.2	1	1	30	0	0	0	0		
4	3	15	8.2	1	1	32	0	0	0	0		
4	3	15	8.2	1	1	35	0	0	0	0		
4	3	15	8.2	1	1	37	0	0	0	0		
4	3	15	8.2	1	2	0	25	1	0	0		
4	3	15	8.2	1	2	4	18	0.72	0	0		
4	3	15	8.2	1	2	7	18	0.72	0	0		
4	3	15	8.2	1	2	9	18	0.72	11	0		
4	3	15	8.2	1	2	11	18	0.72	6	0		
4	3	15	8.2	1	2	14	16	0.64	-1	0		
4	3	15	8.2	1	2	16	16	0.64	-1	1	0	1
4	3	15	8.2	1	2	18	15	0.6	-11	10	0.545454545	0.454545455
4	3	15	8.2	1	2	21	14	0.56	-4	3	0.571428571	0.428571429
4	3	15	8.2	1	2	23	0	0	0	-14		
4	3	15	8.2	1	2	25	0	0	0	0		
4	3	15	8.2	1	2	28	0	0	0	0		
4	3	15	8.2	1	2	30	0	0	0	0		
4	3	15	8.2	1	2	32	0	0	0	0		
4	3	15	8.2	1	2	35	0	0	0	0		
4	3	15	8.2	1	2	37	0	0	0	0		
4	3	15	8.2	1	3	0	26	1	0	0		
4	3	15	8.2	1	3	4	26	1	0	0		
4	3	15	8.2	1	3	7	24	0.923076923	12	0		
4	3	15	8.2	1	3	9	24	0.923076923	11	0		
4	3	15	8.2	1	3	11	24	0.923076923	0	0		
4	3	15	8.2	1	3	14	24	0.923076923	1	0		
4	3	15	8.2	1	3	16	22	0.846153846	-15	13	0.461538462	0.538461538
4	3	15	8.2	1	3	18	22	0.846153846	-9	9	0.409090909	0.590909091
4	3	15	8.2	1	3	21	0	0	0	-22		
4	3	15	8.2	1	3	23	0	0	0	0		
4	3	15	8.2	1	3	25	0	0	0	0		
4	3	15	8.2	1	3	28	0	0	0	0		
4	3	15	8.2	1	3	30	0	0	0	0		
4	3	15	8.2	1	3	32	0	0	0	0		
4	3	15	8.2	1	3	35	0	0	0	0		
4	3	15	8.2	1	3	37	0	0	0	0		
4	3	15	8.2	2	1	0	25	1	0	0		
4	3	15	8.2	2	1	4	24	0.96	0	0		
4	3	15	8.2	2	1	7	24	0.96	0	0		
4	3	15	8.2	2	1	9	24	0.96	15	0		
4	3	15	8.2	2	1	11	24	0.96	8	0		
4	3	15	8.2	2	1	14	24	0.96	1	0		
4	3	15	8.2	2	1	16	22	0.88	-4	2	0	1
4	3	15	8.2	2	1	18	22	0.88	-14	14	0.375	0.625
4	3	15	8.2	2	1	21	22	0.88	-5	5	0.333333333	0.666666667
4	3	15	8.2	2	1	23	22	0.88	0	0	0.333333333	0.666666667
4	3	15	8.2	2	1	25	22	0.88	-1	1	0.363636364	0.636363636
4	3	15	8.2	2	1	28	0	0	0	-22		
4	3	15	8.2	2	1	30	0	0	0	0		
4	3	15	8.2	2	1	32	0	0	0	0		
4	3	15	8.2	2	1	35	0	0	0	0		
4	3	15	8.2	2	1	37	0	0	0	0		
4	3	15	8.2	2	2	0	25	1	0	0		
4	3	15	8.2	2	2	4	21	0.84	0	0		
4	3	15	8.2	2	2	7	21	0.84	0	0		
4	3	15	8.2	2	2	9	21	0.84	11	0		
4	3	15	8.2	2	2	11	21	0.84	9	0		
4	3	15	8.2	2	2	14	21	0.84	0	0		
4	3	15	8.2	2	2	16	21	0.84	0	1	0	1
4	3	15	8.2	2	2	18	20	0.8	-16	15	0.4375	0.5625
4	3	15	8.2	2	2	21	20	0.8	-4	4	0.45	0.55
4	3	15	8.2	2	2	23	0	0	0	-20		
4	3	15	8.2	2	2	25	0	0	0	0		
4	3	15	8.2	2	2	28	0	0	0	0		
4	3	15	8.2	2	2	30	0	0	0	0		
4	3	15	8.2	2	2	32	0	0	0	0		
4	3	15	8.2	2	2	35	0	0	0	0		
4	3	15	8.2	2	2	37	0	0	0	0		
4	3	15	8.2	2	3	0	25	1	0	0		
4	3	15	8.2	2	3	4	21	0.84	0	0		
4	3	15	8.2	2	3	7	21	0.84	0	0		
4	3	15	8.2	2	3	9	21	0.84	2	0		
4	3	15	8.2	2	3	11	21	0.84	18	0		
4	3	15	8.2	2	3	14	21	0.84	0	0		
4	3	15	8.2	2	3	16	21	0.84	1	0		
4	3	15	8.2	2	3	18	21	0.84	-16	16	0.4375	0.5625
4	3	15	8.2	2	3	21	20	0.8	-4	3	0.473684211	0.526315789
4	3	15	8.2	2	3	23	20	0.8	0	0	0.473684211	0.526315789
4	3	15	8.2	2	3	25	19	0.76	-1	0	0.473684211	0.526315789
4	3	15	8.2	2	3	28	0	0	0	-19		
4	3	15	8.2	2	3	30	0	0	0	0		
4	3	15	8.2	2	3	32	0	0	0	0		
4	3	15	8.2	2	3	35	0	0	0	0		
4	3	15	8.2	2	3	37	0	0	0	0		
4	3	15	8.2	3	1	0	25	1	0	0		
4	3	15	8.2	3	1	4	15	0.6	0	0		
4	3	15	8.2	3	1	7	15	0.6	0	0		
4	3	15	8.2	3	1	9	15	0.6	11	0		
4	3	15	8.2	3	1	11	15	0.6	4	0		
4	3	15	8.2	3	1	14	14	0.56	-1	0		
4	3	15	8.2	3	1	16	12	0.48	-2	0		
4	3	15	8.2	3	1	18	1	0.04	-11	0		
4	3	15	8.2	3	1	21	0	0	-1	0		
4	3	15	8.2	3	1	23	0	0	0	0		
4	3	15	8.2	3	1	25	0	0	0	0		
4	3	15	8.2	3	1	28	0	0	0	0		
4	3	15	8.2	3	1	30	0	0	0	0		
4	3	15	8.2	3	1	32	0	0	0	0		
4	3	15	8.2	3	1	35	0	0	0	0		
4	3	15	8.2	3	1	37	0	0	0	0		
4	3	15	8.2	3	2	0	25	1	0	0		
4	3	15	8.2	3	2	4	21	0.84	0	0		
4	3	15	8.2	3	2	7	21	0.84	0	0		
4	3	15	8.2	3	2	9	21	0.84	17	0		
4	3	15	8.2	3	2	11	21	0.84	4	0		
4	3	15	8.2	3	2	14	21	0.84	0	0		
4	3	15	8.2	3	2	16	21	0.84	-2	2	0	1
4	3	15	8.2	3	2	18	21	0.84	-16	16	0.388888889	0.611111111
4	3	15	8.2	3	2	21	19	0.76	-3	1	0.421052632	0.578947368
4	3	15	8.2	3	2	23	0	0	0	-19		
4	3	15	8.2	3	2	25	0	0	0	0		
4	3	15	8.2	3	2	28	0	0	0	0		
4	3	15	8.2	3	2	30	0	0	0	0		
4	3	15	8.2	3	2	32	0	0	0	0		
4	3	15	8.2	3	2	35	0	0	0	0		
4	3	15	8.2	3	2	37	0	0	0	0		
4	3	15	8.2	3	3	0	25	1	0	0		
4	3	15	8.2	3	3	4	25	1	0	0		
4	3	15	8.2	3	3	7	25	1	17	0		
4	3	15	8.2	3	3	9	24	0.96	7	0		
4	3	15	8.2	3	3	11	23	0.92	-1	0		
4	3	15	8.2	3	3	14	23	0.92	-2	2	0	1
4	3	15	8.2	3	3	16	23	0.92	-18	18	0.35	0.65
4	3	15	8.2	3	3	18	23	0.92	-2	2	0.363636364	0.636363636
4	3	15	8.2	3	3	21	23	0.92	0	0	0.363636364	0.636363636
4	3	15	8.2	3	3	23	23	0.92	-1	1	0.391304348	0.608695652
4	3	15	8.2	3	3	25	0	0	0	-23		
4	3	15	8.2	3	3	28	0	0	0	0		
4	3	15	8.2	3	3	30	0	0	0	0		
4	3	15	8.2	3	3	32	0	0	0	0		
4	3	15	8.2	3	3	35	0	0	0	0		
4	3	15	8.2	3	3	37	0	0	0	0		
4	3	15	8.2	4	1	0	0		0	0		
4	3	15	8.2	4	1	3	0		0	0		
4	3	15	8.2	4	1	5	0		0	0		
4	3	15	8.2	4	1	7	0		0	0		
4	3	15	8.2	4	1	10	0		0	0		
4	3	15	8.2	4	1	12	0		0	0		
4	3	15	8.2	4	1	14	0		0	0		
4	3	15	8.2	4	1	17	0		0	0		
4	3	15	8.2	4	1	19	0		0	0		
4	3	15	8.2	4	1	21	0		0	0		
4	3	15	8.2	4	1	24	0		0	0		
4	3	15	8.2	4	1	26	0		0	0		
4	3	15	8.2	4	1	28	0		0	0		
4	3	15	8.2	4	1	31	0		0	0		
4	3	15	8.2	4	1	33	0		0	0		
4	3	15	8.2	4	1	35	0		0	0		
4	3	15	8.2	4	2	0	0		0	0		
4	3	15	8.2	4	2	3	0		0	0		
4	3	15	8.2	4	2	5	0		0	0		
4	3	15	8.2	4	2	7	0		0	0		
4	3	15	8.2	4	2	10	0		0	0		
4	3	15	8.2	4	2	12	0		0	0		
4	3	15	8.2	4	2	14	0		0	0		
4	3	15	8.2	4	2	17	0		0	0		
4	3	15	8.2	4	2	19	0		0	0		
4	3	15	8.2	4	2	21	0		0	0		
4	3	15	8.2	4	2	24	0		0	0		
4	3	15	8.2	4	2	26	0		0	0		
4	3	15	8.2	4	2	28	0		0	0		
4	3	15	8.2	4	2	31	0		0	0		
4	3	15	8.2	4	2	33	0		0	0		
4	3	15	8.2	4	2	35	0		0	0		
4	3	15	8.2	4	3	0	0		0	0		
4	3	15	8.2	4	3	3	0		0	0		
4	3	15	8.2	4	3	5	0		0	0		
4	3	15	8.2	4	3	7	0		0	0		
4	3	15	8.2	4	3	10	0		0	0		
4	3	15	8.2	4	3	12	0		0	0		
4	3	15	8.2	4	3	14	0		0	0		
4	3	15	8.2	4	3	17	0		0	0		
4	3	15	8.2	4	3	19	0		0	0		
4	3	15	8.2	4	3	21	0		0	0		
4	3	15	8.2	4	3	24	0		0	0		
4	3	15	8.2	4	3	26	0		0	0		
4	3	15	8.2	4	3	28	0		0	0		
4	3	15	8.2	4	3	31	0		0	0		
4	3	15	8.2	4	3	33	0		0	0		
4	3	15	8.2	4	3	35	0		0	0		
4	4	15	7.8	1	1	0	25	1	0	0		
4	4	15	7.8	1	1	4	24	0.96	0	0		
4	4	15	7.8	1	1	7	24	0.96	23	0		
4	4	15	7.8	1	1	9	23	0.92	0	0		
4	4	15	7.8	1	1	11	22	0.88	-1	0		
4	4	15	7.8	1	1	14	22	0.88	-5	5	0	1
4	4	15	7.8	1	1	16	20	0.8	-10	8	0.230769231	0.769230769
4	4	15	7.8	1	1	18	21	0.84	-4	5	0.444444444	0.555555556
4	4	15	7.8	1	1	21	21	0.84	-3	3	0.428571429	0.571428571
4	4	15	7.8	1	1	23	0	0	0	-21		
4	4	15	7.8	1	1	25	0	0	0	0		
4	4	15	7.8	1	1	28	0	0	0	0		
4	4	15	7.8	1	1	30	0	0	0	0		
4	4	15	7.8	1	1	32	0	0	0	0		
4	4	15	7.8	1	1	35	0	0	0	0		
4	4	15	7.8	1	1	37	0	0	0	0		
4	4	15	7.8	1	2	0	25	1	0	0		
4	4	15	7.8	1	2	4	19	0.76	0	0		
4	4	15	7.8	1	2	7	19	0.76	15	0		
4	4	15	7.8	1	2	9	19	0.76	4	0		
4	4	15	7.8	1	2	11	19	0.76	0	0		
4	4	15	7.8	1	2	14	18	0.72	-8	7	0.142857143	0.857142857
4	4	15	7.8	1	2	16	17	0.68	-7	6	0.461538462	0.538461538
4	4	15	7.8	1	2	18	16	0.64	-2	1	0.5	0.5
4	4	15	7.8	1	2	21	16	0.64	-2	2	0.5625	0.4375
4	4	15	7.8	1	2	23	0	0	0	-16		
4	4	15	7.8	1	2	25	0	0	0	0		
4	4	15	7.8	1	2	28	0	0	0	0		
4	4	15	7.8	1	2	30	0	0	0	0		
4	4	15	7.8	1	2	32	0	0	0	0		
4	4	15	7.8	1	2	35	0	0	0	0		
4	4	15	7.8	1	2	37	0	0	0	0		
4	4	15	7.8	1	3	0	25	1	0	0		
4	4	15	7.8	1	3	4	24	0.96	0	0		
4	4	15	7.8	1	3	7	24	0.96	20	0		
4	4	15	7.8	1	3	9	21	0.84	-1	0		
4	4	15	7.8	1	3	11	21	0.84	1	0		
4	4	15	7.8	1	3	14	20	0.8	-6	5	0	1
4	4	15	7.8	1	3	16	19	0.76	-7	7	0.333333333	0.666666667
4	4	15	7.8	1	3	18	18	0.72	-4	3	0.4	0.6
4	4	15	7.8	1	3	21	17	0.68	-3	2	0.470588235	0.529411765
4	4	15	7.8	1	3	23	0	0	0	-17		
4	4	15	7.8	1	3	25	0	0	0	0		
4	4	15	7.8	1	3	28	0	0	0	0		
4	4	15	7.8	1	3	30	0	0	0	0		
4	4	15	7.8	1	3	32	0	0	0	0		
4	4	15	7.8	1	3	35	0	0	0	0		
4	4	15	7.8	1	3	37	0	0	0	0		
4	4	15	7.8	2	1	0	25	1	0	0		
4	4	15	7.8	2	1	4	21	0.84	0	0		
4	4	15	7.8	2	1	7	21	0.84	19	0		
4	4	15	7.8	2	1	9	21	0.84	2	0		
4	4	15	7.8	2	1	11	21	0.84	0	0		
4	4	15	7.8	2	1	14	21	0.84	-9	9	0.111111111	0.888888889
4	4	15	7.8	2	1	16	18	0.72	-6	3	0.083333333	0.916666667
4	4	15	7.8	2	1	18	18	0.72	-5	5	0.294117647	0.705882353
4	4	15	7.8	2	1	21	18	0.72	-1	1	0.333333333	0.666666667
4	4	15	7.8	2	1	23	0	0	0	-18		
4	4	15	7.8	2	1	25	0	0	0	0		
4	4	15	7.8	2	1	28	0	0	0	0		
4	4	15	7.8	2	1	30	0	0	0	0		
4	4	15	7.8	2	1	32	0	0	0	0		
4	4	15	7.8	2	1	35	0	0	0	0		
4	4	15	7.8	2	1	37	0	0	0	0		
4	4	15	7.8	2	2	0	25	1	0	0		
4	4	15	7.8	2	2	4	22	0.88	0	0		
4	4	15	7.8	2	2	7	22	0.88	19	0		
4	4	15	7.8	2	2	9	22	0.88	1	0		
4	4	15	7.8	2	2	11	22	0.88	2	0		
4	4	15	7.8	2	2	14	21	0.84	-15	14	0.214285714	0.785714286
4	4	15	7.8	2	2	16	20	0.8	-6	5	0.368421053	0.631578947
4	4	15	7.8	2	2	18	20	0.8	-1	1	0.35	0.65
4	4	15	7.8	2	2	21	0	0	0	-20		
4	4	15	7.8	2	2	23	0	0	0	0		
4	4	15	7.8	2	2	25	0	0	0	0		
4	4	15	7.8	2	2	28	0	0	0	0		
4	4	15	7.8	2	2	30	0	0	0	0		
4	4	15	7.8	2	2	32	0	0	0	0		
4	4	15	7.8	2	2	35	0	0	0	0		
4	4	15	7.8	2	2	37	0	0	0	0		
4	4	15	7.8	2	3	0	25	1	0	0		
4	4	15	7.8	2	3	4	22	0.88	0	0		
4	4	15	7.8	2	3	7	20	0.8	18	0		
4	4	15	7.8	2	3	9	20	0.8	2	0		
4	4	15	7.8	2	3	11	19	0.76	-1	0		
4	4	15	7.8	2	3	14	15	0.6	-15	11	0.090909091	0.909090909
4	4	15	7.8	2	3	16	18	0.72	-3	6	0.411764706	0.588235294
4	4	15	7.8	2	3	18	18	0.72	-1	1	0.444444444	0.555555556
4	4	15	7.8	2	3	21	0	0	0	-18		
4	4	15	7.8	2	3	23	0	0	0	0		
4	4	15	7.8	2	3	25	0	0	0	0		
4	4	15	7.8	2	3	28	0	0	0	0		
4	4	15	7.8	2	3	30	0	0	0	0		
4	4	15	7.8	2	3	32	0	0	0	0		
4	4	15	7.8	2	3	35	0	0	0	0		
4	4	15	7.8	2	3	37	0	0	0	0		
4	4	15	7.8	3	1	0	34	1	0	0		
4	4	15	7.8	3	1	4	34	1	0	0		
4	4	15	7.8	3	1	7	34	1	30	0		
4	4	15	7.8	3	1	9	33	0.970588235	3	0		
4	4	15	7.8	3	1	11	32	0.941176471	-1	0		
4	4	15	7.8	3	1	14	32	0.941176471	-11	11	0.181818182	0.818181818
4	4	15	7.8	3	1	16	30	0.882352941	-15	13	0.375	0.625
4	4	15	7.8	3	1	18	29	0.852941176	-5	4	0.392857143	0.607142857
4	4	15	7.8	3	1	21	29	0.852941176	0	0	0.392857143	0.607142857
4	4	15	7.8	3	1	23	29	0.852941176	0	0	0.392857143	0.607142857
4	4	15	7.8	3	1	25	29	0.852941176	0	0	0.392857143	0.607142857
4	4	15	7.8	3	1	28	29	0.852941176	-1	1	0.413793103	0.586206897
4	4	15	7.8	3	1	30	0	0	0	-29		
4	4	15	7.8	3	1	32	0	0	0	0		
4	4	15	7.8	3	1	35	0	0	0	0		
4	4	15	7.8	3	1	37	0	0	0	0		
4	4	15	7.8	3	2	0	25	1	0	0		
4	4	15	7.8	3	2	4	9	0.36	0	0		
4	4	15	7.8	3	2	7	9	0.36	8	0		
4	4	15	7.8	3	2	9	9	0.36	0	0		
4	4	15	7.8	3	2	11	9	0.36	1	0		
4	4	15	7.8	3	2	14	9	0.36	-3	3	0.333333333	0.666666667
4	4	15	7.8	3	2	16	9	0.36	-4	4	0.428571429	0.571428571
4	4	15	7.8	3	2	18	9	0.36	0	0	0.428571429	0.571428571
4	4	15	7.8	3	2	21	9	0.36	-2	2	0.444444444	0.555555556
4	4	15	7.8	3	2	23	0	0	0	-9		
4	4	15	7.8	3	2	25	0	0	0	0		
4	4	15	7.8	3	2	28	0	0	0	0		
4	4	15	7.8	3	2	30	0	0	0	0		
4	4	15	7.8	3	2	32	0	0	0	0		
4	4	15	7.8	3	2	35	0	0	0	0		
4	4	15	7.8	3	2	37	0	0	0	0		
4	4	15	7.8	3	3	0	25	1	0	0		
4	4	15	7.8	3	3	4	13	0.52	0	0		
4	4	15	7.8	3	3	7	13	0.52	9	0		
4	4	15	7.8	3	3	9	13	0.52	3	0		
4	4	15	7.8	3	3	11	13	0.52	1	0		
4	4	15	7.8	3	3	14	13	0.52	-2	2	0	1
4	4	15	7.8	3	3	16	11	0.44	-4	2	0	1
4	4	15	7.8	3	3	18	10	0.4	-5	4	0.5	0.5
4	4	15	7.8	3	3	21	10	0.4	0	0	0.5	0.5
4	4	15	7.8	3	3	23	9	0.36	-1	0	0.5	0.5
4	4	15	7.8	3	3	25	9	0.36	0	0	0.5	0.5
4	4	15	7.8	3	3	28	9	0.36	-1	1	0.555555556	0.444444444
4	4	15	7.8	3	3	30	0	0	0	-9		
4	4	15	7.8	3	3	32	0	0	0	0		
4	4	15	7.8	3	3	35	0	0	0	0		
4	4	15	7.8	3	3	37	0	0	0	0		
4	4	15	7.8	4	1	0	0		0	0		
4	4	15	7.8	4	1	3	0		0	0		
4	4	15	7.8	4	1	5	0		0	0		
4	4	15	7.8	4	1	7	0		0	0		
4	4	15	7.8	4	1	10	0		0	0		
4	4	15	7.8	4	1	12	0		0	0		
4	4	15	7.8	4	1	14	0		0	0		
4	4	15	7.8	4	1	17	0		0	0		
4	4	15	7.8	4	1	19	0		0	0		
4	4	15	7.8	4	1	21	0		0	0		
4	4	15	7.8	4	1	24	0		0	0		
4	4	15	7.8	4	1	26	0		0	0		
4	4	15	7.8	4	1	28	0		0	0		
4	4	15	7.8	4	1	31	0		0	0		
4	4	15	7.8	4	1	33	0		0	0		
4	4	15	7.8	4	1	35	0		0	0		
4	4	15	7.8	4	2	0	0		0	0		
4	4	15	7.8	4	2	3	0		0	0		
4	4	15	7.8	4	2	5	0		0	0		
4	4	15	7.8	4	2	7	0		0	0		
4	4	15	7.8	4	2	10	0		0	0		
4	4	15	7.8	4	2	12	0		0	0		
4	4	15	7.8	4	2	14	0		0	0		
4	4	15	7.8	4	2	17	0		0	0		
4	4	15	7.8	4	2	19	0		0	0		
4	4	15	7.8	4	2	21	0		0	0		
4	4	15	7.8	4	2	24	0		0	0		
4	4	15	7.8	4	2	26	0		0	0		
4	4	15	7.8	4	2	28	0		0	0		
4	4	15	7.8	4	2	31	0		0	0		
4	4	15	7.8	4	2	33	0		0	0		
4	4	15	7.8	4	2	35	0		0	0		
4	4	15	7.8	4	3	0	0		0	0		
4	4	15	7.8	4	3	3	0		0	0		
4	4	15	7.8	4	3	5	0		0	0		
4	4	15	7.8	4	3	7	0		0	0		
4	4	15	7.8	4	3	10	0		0	0		
4	4	15	7.8	4	3	12	0		0	0		
4	4	15	7.8	4	3	14	0		0	0		
4	4	15	7.8	4	3	17	0		0	0		
4	4	15	7.8	4	3	19	0		0	0		
4	4	15	7.8	4	3	21	0		0	0		
4	4	15	7.8	4	3	24	0		0	0		
4	4	15	7.8	4	3	26	0		0	0		
4	4	15	7.8	4	3	28	0		0	0		
4	4	15	7.8	4	3	31	0		0	0		
4	4	15	7.8	4	3	33	0		0	0		
4	4	15	7.8	4	3	35	0		0	0		
